{
    "frames": [
        {
            "file_path": "./images/00416e46f5d608a0bc72e34442b8147c.jpg",
            "sharpness": 800.0,
            "transform_matrix": [
                [
                    0.35744008066486466,
                    0.8361368096040825,
                    -0.4160670284562162,
                    -0.005785391277590927
                ],
                [
                    -0.9338061765979508,
                    0.3125362694769603,
                    -0.174146453588402,
                    0.012304743602538117
                ],
                [
                    -0.015574223181322571,
                    0.45077288352345213,
                    0.8925027066224622,
                    0.28984532739646907
                ],
                [
                    0.0,
                    0.0,
                    0.0,
                    1.0
                ]
            ]
        },
        {
            "file_path": "./images/f35a5c0227c49fe8571f15933494207f.jpg",
            "sharpness": 800.0,
            "transform_matrix": [
                [
                    0.35851507105613806,
                    0.8348160115987618,
                    -0.41779075906080954,
                    0.07195550261020162
                ],
                [
                    -0.9333856114214087,
                    0.3128559598541992,
                    -0.17581902959203324,
                    0.04581779118296211
                ],
                [
                    -0.016068212097817183,
                    0.4529936549892976,
                    0.8913688301181562,
                    0.2924874664007831
                ],
                [
                    0.0,
                    0.0,
                    0.0,
                    1.0
                ]
            ]
        },
        {
            "file_path": "./images/ceb97a21001f68639bf2e456c3b1540a.jpg",
            "sharpness": 800.0,
            "transform_matrix": [
                [
                    -0.9071921002933638,
                    0.3716889127878413,
                    -0.19710350865894466,
                    -0.045902497445141244
                ],
                [
                    -0.41962054037635665,
                    -0.8331797144968881,
                    0.36018057668709746,
                    -0.03746431857931788
                ],
                [
                    -0.03034751812299667,
                    0.4094616546162413,
                    0.9118223575276252,
                    0.2917317463439632
                ],
                [
                    0.0,
                    0.0,
                    0.0,
                    1.0
                ]
            ]
        },
        {
            "file_path": "./images/f6b4011f7aceb2046a2cf1d043a289e2.jpg",
            "sharpness": 800.0,
            "transform_matrix": [
                [
                    0.3634814878709918,
                    0.8347083290522153,
                    -0.4136945263331344,
                    -0.08278935572347516
                ],
                [
                    -0.9314819194724024,
                    0.3185234140217594,
                    -0.17573887098311014,
                    -0.02285641257870751
                ],
                [
                    -0.01491930645790288,
                    0.44922679776236824,
                    0.8932930810123058,
                    0.2848138408450816
                ],
                [
                    0.0,
                    0.0,
                    0.0,
                    1.0
                ]
            ]
        },
        {
            "file_path": "./images/4f7362e2e0fa5f40d0aa6368e94ca102.jpg",
            "sharpness": 800.0,
            "transform_matrix": [
                [
                    -0.9096411367008337,
                    0.36817317866088584,
                    -0.1923576374176879,
                    -0.08045843764504167
                ],
                [
                    -0.4143655228766184,
                    -0.836815226320886,
                    0.3578286920906347,
                    0.041550407139994895
                ],
                [
                    -0.029224872905395296,
                    0.4052020711838682,
                    0.9137598254277661,
                    0.2956870323396483
                ],
                [
                    0.0,
                    0.0,
                    0.0,
                    1.0
                ]
            ]
        },
        {
            "file_path": "./images/fa6c69361fe776c2803e46062388b02d.jpg",
            "sharpness": 800.0,
            "transform_matrix": [
                [
                    -0.904758802263605,
                    0.3750539416503951,
                    -0.20185638065580785,
                    -0.010589590302632327
                ],
                [
                    -0.424750589822389,
                    -0.8296607896291086,
                    0.36228413299442236,
                    -0.11677757828221336
                ],
                [
                    -0.031596232093679434,
                    0.4135183749967463,
                    0.9099472852249562,
                    0.2869909047041521
                ],
                [
                    0.0,
                    0.0,
                    0.0,
                    1.0
                ]
            ]
        },
        {
            "file_path": "./images/90923bf94fcde53d254bb4d8b4d3e38d.jpg",
            "sharpness": 800.0,
            "transform_matrix": [
                [
                    0.9059940871856188,
                    -0.392303919625963,
                    0.1589726278393547,
                    0.14172490513965813
                ],
                [
                    0.4216611341106805,
                    0.8035227795521068,
                    -0.4201819999895977,
                    0.07731910821055729
                ],
                [
                    0.03710091775311672,
                    0.4477149859895959,
                    0.8934062029505747,
                    0.2948400407854878
                ],
                [
                    0.0,
                    0.0,
                    0.0,
                    1.0
                ]
            ]
        },
        {
            "file_path": "./images/87b5a09ead24f2414b3e0d71f729c4c7.jpg",
            "sharpness": 800.0,
            "transform_matrix": [
                [
                    0.3603123950249744,
                    0.8334326189392429,
                    -0.4190047678199706,
                    0.14831008179670677
                ],
                [
                    -0.9326931774919055,
                    0.3141312962110667,
                    -0.1772141298788313,
                    0.07963183942986123
                ],
                [
                    -0.016073525548289818,
                    0.4546553359116205,
                    0.89052231726453,
                    0.2942013029762507
                ],
                [
                    0.0,
                    0.0,
                    0.0,
                    1.0
                ]
            ]
        },
        {
            "file_path": "./images/063c6c46bb7002dcfe3c15bb90cecf23.jpg",
            "sharpness": 800.0,
            "transform_matrix": [
                [
                    0.9052308799168826,
                    -0.39445338464263907,
                    0.15799850983857172,
                    0.17630147783234193
                ],
                [
                    0.4233095069658105,
                    0.8047997262114404,
                    -0.41606050575084996,
                    -0.0003518136574793701
                ],
                [
                    0.0369593172533074,
                    0.44351308906466685,
                    0.8955054320938374,
                    0.29068947168447873
                ],
                [
                    0.0,
                    0.0,
                    0.0,
                    1.0
                ]
            ]
        },
        {
            "file_path": "./images/316cd79d8e39e40eba6b4b7b04dbe5da.jpg",
            "sharpness": 800.0,
            "transform_matrix": [
                [
                    -0.9121907970816685,
                    0.3646282972593694,
                    -0.18696016237128726,
                    -0.11484991780495367
                ],
                [
                    -0.40882818168342866,
                    -0.8406965556324641,
                    0.355089709271033,
                    0.120797921516822
                ],
                [
                    -0.02770100848290487,
                    0.400344148126799,
                    0.9159459849364804,
                    0.2973277546711966
                ],
                [
                    0.0,
                    0.0,
                    0.0,
                    1.0
                ]
            ]
        },
        {
            "file_path": "./images/72c90bf154b46cebb15f839144420607.jpg",
            "sharpness": 800.0,
            "transform_matrix": [
                [
                    0.9075435435803209,
                    -0.38851575776463165,
                    0.15943704184574178,
                    0.10789804583588511
                ],
                [
                    0.41836415233207663,
                    0.8033662824903185,
                    -0.42376164844573494,
                    0.1567856178122005
                ],
                [
                    0.036551734355499334,
                    0.45128489095081814,
                    0.8916309483944065,
                    0.298435117496244
                ],
                [
                    0.0,
                    0.0,
                    0.0,
                    1.0
                ]
            ]
        },
        {
            "file_path": "./images/f415924478660d8e841ca93bf46f73d4.jpg",
            "sharpness": 800.0,
            "transform_matrix": [
                [
                    0.356514042961676,
                    0.8378801640530781,
                    -0.4133455160118847,
                    -0.1614888806649853
                ],
                [
                    -0.9341814598982533,
                    0.3129465290847032,
                    -0.17137488829690742,
                    -0.058370318784265546
                ],
                [
                    -0.014236574972333068,
                    0.44723727186193213,
                    0.8943019472153789,
                    0.2807398157675813
                ],
                [
                    0.0,
                    0.0,
                    0.0,
                    1.0
                ]
            ]
        },
        {
            "file_path": "./images/649e661f94e949e154d289be940f58d8.jpg",
            "sharpness": 800.0,
            "transform_matrix": [
                [
                    -0.9021363440805936,
                    0.37943698872367976,
                    -0.2053717023350154,
                    0.023987809977007273
                ],
                [
                    -0.43031617566314845,
                    -0.8257918785760369,
                    0.36454854911305523,
                    -0.19472239802774916
                ],
                [
                    -0.03127108016152427,
                    0.41724726084061403,
                    0.9082547401548589,
                    0.28241526267245487
                ],
                [
                    0.0,
                    0.0,
                    0.0,
                    1.0
                ]
            ]
        },
        {
            "file_path": "./images/b1bcf0366528f3c4a85272c9b70c498f.jpg",
            "sharpness": 800.0,
            "transform_matrix": [
                [
                    -0.36662495558789154,
                    -0.8508068522583736,
                    0.3764489206176029,
                    0.09584918155503255
                ],
                [
                    0.9299187451405048,
                    -0.34769405524530284,
                    0.11983260711045758,
                    -0.17944398752443236
                ],
                [
                    0.028934648548508732,
                    0.3940005322008231,
                    0.9186545580474177,
                    0.2849643472856761
                ],
                [
                    0.0,
                    0.0,
                    0.0,
                    1.0
                ]
            ]
        },
        {
            "file_path": "./images/7bd231fefcd680d2cb845a43c034aba6.jpg",
            "sharpness": 800.0,
            "transform_matrix": [
                [
                    0.9031394336895578,
                    -0.39953047691826427,
                    0.1572084894104485,
                    0.21056406440129055
                ],
                [
                    0.4276842539904332,
                    0.8049682791635562,
                    -0.4112324536033637,
                    -0.07816135811223457
                ],
                [
                    0.03775205111462316,
                    0.43863584070738687,
                    0.8978714897798271,
                    0.28703081571114053
                ],
                [
                    0.0,
                    0.0,
                    0.0,
                    1.0
                ]
            ]
        },
        {
            "file_path": "./images/04763ac885004517d37d0a067d69d9e2.jpg",
            "sharpness": 800.0,
            "transform_matrix": [
                [
                    -0.3651297334053217,
                    -0.8506822614443778,
                    0.37817973989220977,
                    0.01699339989479166
                ],
                [
                    0.9304961129260532,
                    -0.3462558954450811,
                    0.1195145227051037,
                    -0.21270191652745074
                ],
                [
                    0.029278080023371397,
                    0.3955330837444872,
                    0.9179848603566835,
                    0.28373606289604686
                ],
                [
                    0.0,
                    0.0,
                    0.0,
                    1.0
                ]
            ]
        },
        {
            "file_path": "./images/790a90c0a055d11316e58d3b4d1f2204.jpg",
            "sharpness": 800.0,
            "transform_matrix": [
                [
                    -0.37045063348155083,
                    -0.8500647898226211,
                    0.374374316678791,
                    0.17413662464389237
                ],
                [
                    0.9283892982133227,
                    -0.3515812156840497,
                    0.12034883542016078,
                    -0.1446010706252733
                ],
                [
                    0.0293186698962628,
                    0.3921484114850919,
                    0.919434537702749,
                    0.28816867066465035
                ],
                [
                    0.0,
                    0.0,
                    0.0,
                    1.0
                ]
            ]
        },
        {
            "file_path": "./images/ba781976a6af262bae28528bc6d4e2a4.jpg",
            "sharpness": 800.0,
            "transform_matrix": [
                [
                    -0.3679688198310329,
                    -0.851382725538285,
                    0.3738266310113939,
                    -0.08230294699124775
                ],
                [
                    0.9294039996241338,
                    -0.34904736818275506,
                    0.11989171219079625,
                    0.2151321328735542
                ],
                [
                    0.028409469020039286,
                    0.3915523778037361,
                    0.9197170584623756,
                    0.3007400500298805
                ],
                [
                    0.0,
                    0.0,
                    0.0,
                    1.0
                ]
            ]
        },
        {
            "file_path": "./images/3fadb2e8d54a910aa9dd7ce2655a9290.jpg",
            "sharpness": 800.0,
            "transform_matrix": [
                [
                    0.90803349902133,
                    -0.3872222848239479,
                    0.15979366223473115,
                    0.07258328562442176
                ],
                [
                    0.41726443093531174,
                    0.8024502546489736,
                    -0.4265722281806181,
                    0.2367524607853318
                ],
                [
                    0.03695180788366053,
                    0.4540180845608784,
                    0.8902257988607253,
                    0.3017191419995892
                ],
                [
                    0.0,
                    0.0,
                    0.0,
                    1.0
                ]
            ]
        },
        {
            "file_path": "./images/07d819c82015580f5d09643c17d828e9.jpg",
            "sharpness": 800.0,
            "transform_matrix": [
                [
                    -0.3664031197819858,
                    -0.8522697127933964,
                    0.3733430570252494,
                    -0.0038091439732189114
                ],
                [
                    0.9299948911603692,
                    -0.34808083203895945,
                    0.11810638918701051,
                    0.2495436633684807
                ],
                [
                    0.02929506353474286,
                    0.39048168514355236,
                    0.9201443815764625,
                    0.3031252873457452
                ],
                [
                    0.0,
                    0.0,
                    0.0,
                    1.0
                ]
            ]
        },
        {
            "file_path": "./images/b27085058b734b70c813a85b8d3b6793.jpg",
            "sharpness": 800.0,
            "transform_matrix": [
                [
                    -0.36862350380953757,
                    -0.8505466836224856,
                    0.37508265651059974,
                    -0.1588992139770383
                ],
                [
                    0.929169808422215,
                    -0.34910228172548435,
                    0.12153578237908157,
                    0.1817210501357638
                ],
                [
                    0.027570354575314093,
                    0.3933164260707435,
                    0.9189896053809841,
                    0.30017370019299616
                ],
                [
                    0.0,
                    0.0,
                    0.0,
                    1.0
                ]
            ]
        },
        {
            "file_path": "./images/c1be04fdd282378d4e4a566c55bcff4f.jpg",
            "sharpness": 800.0,
            "transform_matrix": [
                [
                    -0.9142220781969245,
                    0.3623565853882148,
                    -0.18137156508800414,
                    -0.14921406122657496
                ],
                [
                    -0.4043685308993958,
                    -0.8447141174785335,
                    0.35063375955022963,
                    0.19956304267411473
                ],
                [
                    -0.026152669704366218,
                    0.39389807772102764,
                    0.91878189602193,
                    0.29717277824622135
                ],
                [
                    0.0,
                    0.0,
                    0.0,
                    1.0
                ]
            ]
        },
        {
            "file_path": "./images/b700fa74af824bdf7c58feb3f2c912d3.jpg",
            "sharpness": 800.0,
            "transform_matrix": [
                [
                    -0.3665379739729158,
                    -0.8493275819393493,
                    0.37985855255050044,
                    -0.062245264878290525
                ],
                [
                    0.9299626291064992,
                    -0.3470001660385147,
                    0.12149187462741291,
                    -0.24623949446716073
                ],
                [
                    0.02862458070561184,
                    0.3977856437722416,
                    0.9170316489403619,
                    0.27978059396618676
                ],
                [
                    0.0,
                    0.0,
                    0.0,
                    1.0
                ]
            ]
        },
        {
            "file_path": "./images/39c0096f4d15706a58e7f9bf24515f48.jpg",
            "sharpness": 800.0,
            "transform_matrix": [
                [
                    -0.36360267133108903,
                    -0.8533846303109408,
                    0.3735340920921487,
                    0.253549539175603
                ],
                [
                    0.931072672874596,
                    -0.34580915754582464,
                    0.11627375803972417,
                    -0.10979685982485399
                ],
                [
                    0.029945271676192323,
                    0.39006483461140684,
                    0.9203002421954449,
                    0.29136900885974276
                ],
                [
                    0.0,
                    0.0,
                    0.0,
                    1.0
                ]
            ]
        },
        {
            "file_path": "./images/c7da0fbc4fef677cd637a7e8ad2ef8ac.jpg",
            "sharpness": 800.0,
            "transform_matrix": [
                [
                    0.9005736942595125,
                    -0.40585732274621433,
                    0.1557138484723247,
                    0.2446904636966893
                ],
                [
                    0.4329093420960662,
                    0.804834921005254,
                    -0.4059927756885585,
                    -0.15531887317715737
                ],
                [
                    0.039451198058373535,
                    0.43303639347476436,
                    0.9005125846045641,
                    0.28746823959958945
                ],
                [
                    0.0,
                    0.0,
                    0.0,
                    1.0
                ]
            ]
        },
        {
            "file_path": "./images/12bebf2f2033522e5dd429b4605dab75.jpg",
            "sharpness": 800.0,
            "transform_matrix": [
                [
                    -0.36815838946104357,
                    -0.8523824645268103,
                    0.37135358122674417,
                    0.07352222387020839
                ],
                [
                    0.9292601948942748,
                    -0.3504697720612269,
                    0.11681742827933321,
                    0.2827149356141991
                ],
                [
                    0.030575077551630782,
                    0.388091417517187,
                    0.9211134818508281,
                    0.3073390722728609
                ],
                [
                    0.0,
                    0.0,
                    0.0,
                    1.0
                ]
            ]
        },
        {
            "file_path": "./images/e1adc89141bfc565fd5b1dd6312377e6.jpg",
            "sharpness": 800.0,
            "transform_matrix": [
                [
                    -0.89984857802506,
                    0.383101626723523,
                    -0.20858002771515896,
                    0.05782550661525658
                ],
                [
                    -0.43505333458558804,
                    -0.8229075668628131,
                    0.36544714374283593,
                    -0.2747626494487503
                ],
                [
                    -0.03163868785082585,
                    0.4195905291573772,
                    0.9071618440822325,
                    0.28038662085818966
                ],
                [
                    0.0,
                    0.0,
                    0.0,
                    1.0
                ]
            ]
        },
        {
            "file_path": "./images/3fd1bd87c4698292e1b6cc44dffb53d1.jpg",
            "sharpness": 800.0,
            "transform_matrix": [
                [
                    -0.3662267429039098,
                    -0.8510099134702508,
                    0.37637753361777104,
                    -0.23841085058001482
                ],
                [
                    0.9301536548092276,
                    -0.346233174548449,
                    0.1222155869277571,
                    0.14892827472688433
                ],
                [
                    0.026307712236766725,
                    0.3948475548397786,
                    0.9183698290258641,
                    0.2990663813209557
                ],
                [
                    0.0,
                    0.0,
                    0.0,
                    1.0
                ]
            ]
        },
        {
            "file_path": "./images/03e4f784c1cf8dbbb61ad0f279a1d554.jpg",
            "sharpness": 800.0,
            "transform_matrix": [
                [
                    0.9033262288245685,
                    -0.39738828744580007,
                    0.16150610237704438,
                    -0.26080306134167364
                ],
                [
                    0.4271847498686007,
                    0.7992384758192765,
                    -0.422765810656523,
                    -0.09528477883782625
                ],
                [
                    0.03892029038472587,
                    0.4508883893949238,
                    0.8917312944392103,
                    0.27913459791464074
                ],
                [
                    0.0,
                    0.0,
                    0.0,
                    1.0
                ]
            ]
        },
        {
            "file_path": "./images/ff26b9f73f96aa80feadd80e7be37487.jpg",
            "sharpness": 800.0,
            "transform_matrix": [
                [
                    0.9021250535297968,
                    -0.40071133486583066,
                    0.16000238004947195,
                    -0.22184046901016202
                ],
                [
                    0.42968114891609754,
                    0.8005483785052424,
                    -0.4177275263225712,
                    -0.17942495202670858
                ],
                [
                    0.03929850877459055,
                    0.4455924736064936,
                    0.8943728556844606,
                    0.27803909048929004
                ],
                [
                    0.0,
                    0.0,
                    0.0,
                    1.0
                ]
            ]
        },
        {
            "file_path": "./images/b98087361b247c4ae832f417b558c19a.jpg",
            "sharpness": 800.0,
            "transform_matrix": [
                [
                    0.9088373574703019,
                    -0.38505860727396324,
                    0.16045084736941398,
                    0.03808667329505797
                ],
                [
                    0.41555954991684974,
                    0.8021590665052615,
                    -0.4287784682562406,
                    0.3154154724641491
                ],
                [
                    0.036397737867005904,
                    0.45636677196097253,
                    0.889046907874916,
                    0.30456561150135913
                ],
                [
                    0.0,
                    0.0,
                    0.0,
                    1.0
                ]
            ]
        },
        {
            "file_path": "./images/a257fbf6bc346b3a838725aa589bc4f3.jpg",
            "sharpness": 800.0,
            "transform_matrix": [
                [
                    0.9046282921685075,
                    -0.39452798547803825,
                    0.16123048575500815,
                    -0.29723104850450766
                ],
                [
                    0.4243775667602384,
                    0.7988586513573617,
                    -0.42629616286957195,
                    -0.014144750992732835
                ],
                [
                    0.03938539794815186,
                    0.4540621709339358,
                    0.8900989638565682,
                    0.2813860529429668
                ],
                [
                    0.0,
                    0.0,
                    0.0,
                    1.0
                ]
            ]
        },
        {
            "file_path": "./images/6ae7d1dc8eb389826de722c2926acc6d.jpg",
            "sharpness": 800.0,
            "transform_matrix": [
                [
                    -0.9259543869402329,
                    0.33877103550109744,
                    -0.16686104004390395,
                    -0.17820053520717377
                ],
                [
                    -0.37689722628053973,
                    -0.8566471486885777,
                    0.3522840132203169,
                    0.2643878219702408
                ],
                [
                    -0.02359741423282393,
                    0.389088390569278,
                    0.9208980489545215,
                    0.2987872246245705
                ],
                [
                    0.0,
                    0.0,
                    0.0,
                    1.0
                ]
            ]
        },
        {
            "file_path": "./images/96d1e915deccafe93b1f0c75498d1468.jpg",
            "sharpness": 800.0,
            "transform_matrix": [
                [
                    -0.36915028555113194,
                    -0.847333235939747,
                    0.3817779482178743,
                    -0.14097251768413413
                ],
                [
                    0.9289227865584041,
                    -0.3491409060598271,
                    0.12330031120920541,
                    -0.28047760959224177
                ],
                [
                    0.028817847064319953,
                    0.40015858061103365,
                    0.9159926158800196,
                    0.27552340251805374
                ],
                [
                    0.0,
                    0.0,
                    0.0,
                    1.0
                ]
            ]
        },
        {
            "file_path": "./images/7877b37042a77a9e87709e81a86ca778.jpg",
            "sharpness": 800.0,
            "transform_matrix": [
                [
                    -0.3669024623358262,
                    -0.8530141472525289,
                    0.371146056776449,
                    0.32990818968362556
                ],
                [
                    0.9297537846084024,
                    -0.34940555968667825,
                    0.11607556712399776,
                    -0.07652760480032979
                ],
                [
                    0.030666394781567945,
                    0.3876628623106057,
                    0.921290891953813,
                    0.29348176627695294
                ],
                [
                    0.0,
                    0.0,
                    0.0,
                    1.0
                ]
            ]
        },
        {
            "file_path": "./images/ccba09f833430e443af4d91d8a6658a9.jpg",
            "sharpness": 800.0,
            "transform_matrix": [
                [
                    0.3613301344790269,
                    0.8315679802989452,
                    -0.42182363127191524,
                    0.3071081697957296
                ],
                [
                    -0.9322909833499976,
                    0.3141601077800876,
                    -0.17926748564958664,
                    0.15023526901750967
                ],
                [
                    -0.016552943507999598,
                    0.45803711264956054,
                    0.8887788441144077,
                    0.3014452541474857
                ],
                [
                    0.0,
                    0.0,
                    0.0,
                    1.0
                ]
            ]
        },
        {
            "file_path": "./images/3b73a076e0220e6aaa4ac9c1abf608b8.jpg",
            "sharpness": 800.0,
            "transform_matrix": [
                [
                    0.8996487664009488,
                    -0.4065791916476472,
                    0.15913957961064956,
                    -0.18670849730141645
                ],
                [
                    0.43475315414497,
                    0.800572838994328,
                    -0.4123987230844064,
                    -0.256851580276414
                ],
                [
                    0.04026991442313412,
                    0.44020043662753094,
                    0.8969959530802694,
                    0.27784724847427134
                ],
                [
                    0.0,
                    0.0,
                    0.0,
                    1.0
                ]
            ]
        },
        {
            "file_path": "./images/18b1a75ae7e3ac54c9c9e953291fb0ed.jpg",
            "sharpness": 800.0,
            "transform_matrix": [
                [
                    -0.3675099494904938,
                    -0.8533035118848811,
                    0.36987768441901425,
                    0.148033705465955
                ],
                [
                    0.9294752617645795,
                    -0.3506018583321904,
                    0.11469070175043242,
                    0.31524999018410294
                ],
                [
                    0.03181382493091226,
                    0.3859421315196393,
                    0.9219741763955621,
                    0.3110010617260142
                ],
                [
                    0.0,
                    0.0,
                    0.0,
                    1.0
                ]
            ]
        },
        {
            "file_path": "./images/27123bf7c005a65535e4ad4e28c50a00.jpg",
            "sharpness": 800.0,
            "transform_matrix": [
                [
                    -0.37429761911871196,
                    -0.8487053792610235,
                    0.3736313950992836,
                    -0.3163969464778398
                ],
                [
                    0.9270560254399447,
                    -0.351880369240359,
                    0.1294110269479517,
                    0.11517948848743993
                ],
                [
                    0.0216417185602347,
                    0.3948154753790972,
                    0.9185054200391912,
                    0.2936721060093429
                ],
                [
                    0.0,
                    0.0,
                    0.0,
                    1.0
                ]
            ]
        },
        {
            "file_path": "./images/a751f62f4c566d084d975bd5a8b9362a.jpg",
            "sharpness": 800.0,
            "transform_matrix": [
                [
                    0.9056308151696595,
                    -0.39208113798297023,
                    0.16157089954388568,
                    -0.33244095452749844
                ],
                [
                    0.4222026002594907,
                    0.7979550942827371,
                    -0.4301308106168754,
                    0.06449248125074857
                ],
                [
                    0.03971985533097,
                    0.45775537054378135,
                    0.8881903984723104,
                    0.2851119528802684
                ],
                [
                    0.0,
                    0.0,
                    0.0,
                    1.0
                ]
            ]
        },
        {
            "file_path": "./images/aa2f31b695410cf247d69b3a32879d51.jpg",
            "sharpness": 800.0,
            "transform_matrix": [
                [
                    0.3554072239521374,
                    0.8396538527722057,
                    -0.4106909549302887,
                    -0.3155444918992238
                ],
                [
                    -0.9346262778657387,
                    0.31329987028818407,
                    -0.16827594699842327,
                    -0.1239638649469094
                ],
                [
                    -0.012624124308785522,
                    0.4436490457743324,
                    0.8961115923237915,
                    0.2751322674640742
                ],
                [
                    0.0,
                    0.0,
                    0.0,
                    1.0
                ]
            ]
        },
        {
            "file_path": "./images/ae0f811f8ed083c397bb5cd157440e12.jpg",
            "sharpness": 800.0,
            "transform_matrix": [
                [
                    -0.9093339991851146,
                    0.3685796292061188,
                    -0.19303026369232673,
                    0.34721249596259424
                ],
                [
                    -0.4150749557908618,
                    -0.8356429988705298,
                    0.35974079817532273,
                    0.13207467106160964
                ],
                [
                    -0.028711258429593885,
                    0.4072465668273991,
                    0.9128667632894794,
                    0.30601531166582063
                ],
                [
                    0.0,
                    0.0,
                    0.0,
                    1.0
                ]
            ]
        },
        {
            "file_path": "./images/512479457a6f7c04dde5d7983eb61555.jpg",
            "sharpness": 800.0,
            "transform_matrix": [
                [
                    0.8996222655547321,
                    -0.4090645786441065,
                    0.15279364390245967,
                    0.27985251840328035
                ],
                [
                    0.43475385690602203,
                    0.8063225825675784,
                    -0.4010397226650192,
                    -0.236734832842296
                ],
                [
                    0.040850179620716874,
                    0.4272118899578778,
                    0.903228151766887,
                    0.28652770214229645
                ],
                [
                    0.0,
                    0.0,
                    0.0,
                    1.0
                ]
            ]
        },
        {
            "file_path": "./images/0d58ddbe3dc976c7b60393f527cc1194.jpg",
            "sharpness": 800.0,
            "transform_matrix": [
                [
                    -0.8987035033103841,
                    0.38461647111426844,
                    -0.21071813190221775,
                    0.09102255043409316
                ],
                [
                    -0.4374027872158828,
                    -0.8209244610431279,
                    0.3670990511904639,
                    -0.3547170805229324
                ],
                [
                    -0.031791327245993824,
                    0.4220819015401501,
                    0.9060000055962733,
                    0.27853773035431667
                ],
                [
                    0.0,
                    0.0,
                    0.0,
                    1.0
                ]
            ]
        },
        {
