{
    "frames": [
        {
            "file_path": "./images/00416e46f5d608a0bc72e34442b8147c.jpg",
            "sharpness": 800.0,
            "transform_matrix": [
                [
                    0.3574400806648637,
                    0.836136809604083,
                    -0.41606702845621646,
                    -0.019919678087056004
                ],
                [
                    -0.9338061765979514,
                    0.3125362694769599,
                    -0.17414645358840183,
                    0.012234672675496171
                ],
                [
                    -0.015574223181322566,
                    0.45077288352345235,
                    0.8925027066224629,
                    0.23951407265291885
                ],
                [
                    0.0,
                    0.0,
                    0.0,
                    1.0
                ]
            ]
        },
        {
            "file_path": "./images/f35a5c0227c49fe8571f15933494207f.jpg",
            "sharpness": 800.0,
            "transform_matrix": [
                [
                    0.3585150710561371,
                    0.8348160115987623,
                    -0.4177907590608098,
                    0.107354994649721
                ],
                [
                    -0.9333856114214093,
                    0.3128559598541988,
                    -0.17581902959203302,
                    0.0671010621637224
                ],
                [
                    -0.01606821209781718,
                    0.45299365498929783,
                    0.8913688301181566,
                    0.24383969023051583
                ],
                [
                    0.0,
                    0.0,
                    0.0,
                    1.0
                ]
            ]
        },
        {
            "file_path": "./images/ceb97a21001f68639bf2e456c3b1540a.jpg",
            "sharpness": 800.0,
            "transform_matrix": [
                [
                    -0.9071921002933644,
                    0.3716889127878405,
                    -0.1971035086589443,
                    -0.08559800133853683
                ],
                [
                    -0.41962054037635627,
                    -0.8331797144968885,
                    0.3601805766870978,
                    -0.06924549541666267
                ],
                [
                    -0.03034751812299663,
                    0.40946165461624157,
                    0.9118223575276256,
                    0.242602451782355
                ],
                [
                    0.0,
                    0.0,
                    0.0,
                    1.0
                ]
            ]
        },
        {
            "file_path": "./images/f6b4011f7aceb2046a2cf1d043a289e2.jpg",
            "sharpness": 800.0,
            "transform_matrix": [
                [
                    0.3634814878709909,
                    0.8347083290522159,
                    -0.4136945263331346,
                    -0.1459878757132644
                ],
                [
                    -0.9314819194724029,
                    0.318523414021759,
                    -0.17573887098310992,
                    -0.04532994257672761
                ],
                [
                    -0.01491930645790287,
                    0.4492267977623684,
                    0.8932930810123062,
                    0.23127669883095545
                ],
                [
                    0.0,
                    0.0,
                    0.0,
                    1.0
                ]
            ]
        },
        {
            "file_path": "./images/4f7362e2e0fa5f40d0aa6368e94ca102.jpg",
            "sharpness": 800.0,
            "transform_matrix": [
                [
                    -0.9096411367008345,
                    0.36817317866088506,
                    -0.19235763741768752,
                    -0.14217177815157356
                ],
                [
                    -0.41436552287661804,
                    -0.8368152263208865,
                    0.35782869209063495,
                    0.06011465024653102
                ],
                [
                    -0.029224872905395258,
                    0.4052020711838685,
                    0.9137598254277667,
                    0.249077907691156
                ],
                [
                    0.0,
                    0.0,
                    0.0,
                    1.0
                ]
            ]
        },
        {
            "file_path": "./images/fa6c69361fe776c2803e46062388b02d.jpg",
            "sharpness": 800.0,
            "transform_matrix": [
                [
                    -0.9047588022636057,
                    0.37505394165039435,
                    -0.2018563806558075,
                    -0.02778494471953189
                ],
                [
                    -0.4247505898223886,
                    -0.829660789629109,
                    0.36228413299442264,
                    -0.19909439047751748
                ],
                [
                    -0.0315962320936794,
                    0.4135183749967465,
                    0.9099472852249565,
                    0.23484091164525878
                ],
                [
                    0.0,
                    0.0,
                    0.0,
                    1.0
                ]
            ]
        },
        {
            "file_path": "./images/90923bf94fcde53d254bb4d8b4d3e38d.jpg",
            "sharpness": 800.0,
            "transform_matrix": [
                [
                    0.9059940871856195,
                    -0.3923039196259622,
                    0.1589726278393544,
                    0.22157902051175737
                ],
                [
                    0.42166113411068007,
                    0.8035227795521075,
                    -0.420181999989598,
                    0.11867391674462663
                ],
                [
                    0.037100917753116684,
                    0.44771498598959614,
                    0.893406202950575,
                    0.24769124273947452
                ],
                [
                    0.0,
                    0.0,
                    0.0,
                    1.0
                ]
            ]
        },
        {
            "file_path": "./images/87b5a09ead24f2414b3e0d71f729c4c7.jpg",
            "sharpness": 800.0,
            "transform_matrix": [
                [
                    0.36031239502497353,
                    0.8334326189392435,
                    -0.41900476781997076,
                    0.23236004143942304
                ],
                [
                    -0.9326931774919061,
                    0.31413129621106634,
                    -0.1772141298788311,
                    0.122460239416577
                ],
                [
                    -0.016073525548289818,
                    0.45465533591162055,
                    0.8905223172645302,
                    0.24664552353598046
                ],
                [
                    0.0,
                    0.0,
                    0.0,
                    1.0
                ]
            ]
        },
        {
            "file_path": "./images/063c6c46bb7002dcfe3c15bb90cecf23.jpg",
            "sharpness": 800.0,
            "transform_matrix": [
                [
                    0.9052308799168831,
                    -0.39445338464263835,
                    0.15799850983857136,
                    0.2781865761204243
                ],
                [
                    0.42330950696581005,
                    0.8047997262114409,
                    -0.41606050575085024,
                    -0.008486200248451096
                ],
                [
                    0.03695931725330736,
                    0.443513089064667,
                    0.8955054320938377,
                    0.2408960761600321
                ],
                [
                    0.0,
                    0.0,
                    0.0,
                    1.0
                ]
            ]
        },
        {
            "file_path": "./images/316cd79d8e39e40eba6b4b7b04dbe5da.jpg",
            "sharpness": 800.0,
            "transform_matrix": [
                [
                    -0.9121907970816691,
                    0.3646282972593686,
                    -0.18696016237128693,
                    -0.19847630673859923
                ],
                [
                    -0.4088281816834282,
                    -0.8406965556324645,
                    0.3550897092710333,
                    0.18985590935877686
                ],
                [
                    -0.027701008482904833,
                    0.4003441481267993,
                    0.9159459849364808,
                    0.2517640409134102
                ],
                [
                    0.0,
                    0.0,
                    0.0,
                    1.0
                ]
            ]
        },
        {
            "file_path": "./images/72c90bf154b46cebb15f839144420607.jpg",
            "sharpness": 800.0,
            "transform_matrix": [
                [
                    0.9075435435803214,
                    -0.3885157577646308,
                    0.15943704184574137,
                    0.16619886944461418
                ],
                [
                    0.4183641523320762,
                    0.8033662824903189,
                    -0.42376164844573505,
                    0.24877370718029168
                ],
                [
                    0.0365517343554993,
                    0.4512848909508184,
                    0.8916309483944068,
                    0.25357697660414463
                ],
                [
                    0.0,
                    0.0,
                    0.0,
                    1.0
                ]
            ]
        },
        {
            "file_path": "./images/f415924478660d8e841ca93bf46f73d4.jpg",
            "sharpness": 800.0,
            "transform_matrix": [
                [
                    0.3565140429616751,
                    0.8378801640530785,
                    -0.41334551601188485,
                    -0.2748319856861673
                ],
                [
                    -0.9341814598982539,
                    0.31294652908470283,
                    -0.17137488829690717,
                    -0.10347206783246451
                ],
                [
                    -0.014236574972333065,
                    0.4472372718619323,
                    0.8943019472153794,
                    0.22460684744992193
                ],
                [
                    0.0,
                    0.0,
                    0.0,
                    1.0
                ]
            ]
        },
        {
            "file_path": "./images/649e661f94e949e154d289be940f58d8.jpg",
            "sharpness": 800.0,
            "transform_matrix": [
                [
                    -0.9021363440805943,
                    0.3794369887236789,
                    -0.20537170233501498,
                    0.02882396578555698
                ],
                [
                    -0.43031617566314806,
                    -0.8257918785760373,
                    0.3645485491130555,
                    -0.32670292349694446
                ],
                [
                    -0.03127108016152424,
                    0.41724726084061425,
                    0.9082547401548593,
                    0.22734983052924454
                ],
                [
                    0.0,
                    0.0,
                    0.0,
                    1.0
                ]
            ]
        },
        {
            "file_path": "./images/b1bcf0366528f3c4a85272c9b70c498f.jpg",
            "sharpness": 800.0,
            "transform_matrix": [
                [
                    -0.36662495558789066,
                    -0.8508068522583743,
                    0.37644892061760316,
                    0.1464728902140589
                ],
                [
                    0.9299187451405053,
                    -0.34769405524530245,
                    0.11983260711045744,
                    -0.3016896441339048
                ],
                [
                    0.028934648548508735,
                    0.3940005322008233,
                    0.9186545580474181,
                    0.23152310271202084
                ],
                [
                    0.0,
                    0.0,
                    0.0,
                    1.0
                ]
            ]
        },
        {
            "file_path": "./images/7bd231fefcd680d2cb845a43c034aba6.jpg",
            "sharpness": 800.0,
            "transform_matrix": [
                [
                    0.9031394336895584,
                    -0.3995304769182635,
                    0.15720848941044815,
                    0.3342800846279614
                ],
                [
                    0.4276842539904328,
                    0.8049682791635567,
                    -0.4112324536033639,
                    -0.13587326529262786
                ],
                [
                    0.03775205111462312,
                    0.43863584070738704,
                    0.8978714897798274,
                    0.23490625255014186
                ],
                [
                    0.0,
                    0.0,
                    0.0,
                    1.0
                ]
            ]
        },
        {
            "file_path": "./images/04763ac885004517d37d0a067d69d9e2.jpg",
            "sharpness": 800.0,
            "transform_matrix": [
                [
                    -0.36512973340532073,
                    -0.8506822614443782,
                    0.37817973989221,
                    0.017372962205823298
                ],
                [
                    0.9304961129260536,
                    -0.3462558954450807,
                    0.11951452270510354,
                    -0.3561383624091496
                ],
                [
                    0.0292780800233714,
                    0.3955330837444874,
                    0.9179848603566838,
                    0.22951219846459356
                ],
                [
                    0.0,
                    0.0,
                    0.0,
                    1.0
                ]
            ]
        },
        {
            "file_path": "./images/790a90c0a055d11316e58d3b4d1f2204.jpg",
            "sharpness": 800.0,
            "transform_matrix": [
                [
                    -0.37045063348154994,
                    -0.8500647898226216,
                    0.3743743166787912,
                    0.2746423541890327
                ],
                [
                    0.9283892982133233,
                    -0.35158121568404926,
                    0.12034883542016062,
                    -0.24464603910492358
                ],
                [
                    0.029318669896262802,
                    0.39214841148509216,
                    0.9194345377027493,
                    0.2367691088872314
                ],
                [
                    0.0,
                    0.0,
                    0.0,
                    1.0
                ]
            ]
        },
        {
            "file_path": "./images/ba781976a6af262bae28528bc6d4e2a4.jpg",
            "sharpness": 800.0,
            "transform_matrix": [
                [
                    -0.3679688198310321,
                    -0.8513827255382855,
                    0.373826631011394,
                    -0.14519154434743345
                ],
                [
                    0.9294039996241344,
                    -0.34904736818275467,
                    0.11989171219079604,
                    0.34429658115809303
                ],
                [
                    0.02840946902003929,
                    0.3915523778037362,
                    0.9197170584623757,
                    0.25735053154065407
                ],
                [
                    0.0,
                    0.0,
                    0.0,
                    1.0
                ]
            ]
        },
        {
            "file_path": "./images/3fadb2e8d54a910aa9dd7ce2655a9290.jpg",
            "sharpness": 800.0,
            "transform_matrix": [
                [
                    0.9080334990213305,
                    -0.3872222848239471,
                    0.1597936622347308,
                    0.10838277904592214
                ],
                [
                    0.41726443093531124,
                    0.802450254648974,
                    -0.42657222818061824,
                    0.37969262591421565
                ],
                [
                    0.036951807883660495,
                    0.4540180845608786,
                    0.8902257988607257,
                    0.25895346667288627
                ],
                [
                    0.0,
                    0.0,
                    0.0,
                    1.0
                ]
            ]
        },
        {
            "file_path": "./images/07d819c82015580f5d09643c17d828e9.jpg",
            "sharpness": 800.0,
            "transform_matrix": [
                [
                    -0.3664031197819849,
                    -0.8522697127933969,
                    0.37334305702524967,
                    -0.016684235113195178
                ],
                [
                    0.9299948911603697,
                    -0.348080832038959,
                    0.11810638918701037,
                    0.4006339354524089
                ],
                [
                    0.029295063534742868,
                    0.3904816851435527,
                    0.920144381576463,
                    0.26125555865822747
                ],
                [
                    0.0,
                    0.0,
                    0.0,
                    1.0
                ]
            ]
        },
        {
            "file_path": "./images/b27085058b734b70c813a85b8d3b6793.jpg",
            "sharpness": 800.0,
            "transform_matrix": [
                [
                    -0.3686235038095367,
                    -0.8505466836224861,
                    0.37508265651060013,
                    -0.27059227394987645
                ],
                [
                    0.9291698084222155,
                    -0.34910228172548385,
                    0.12153578237908148,
                    0.2895971249443359
                ],
                [
                    0.027570354575314097,
                    0.39331642607074385,
                    0.9189896053809846,
                    0.25642332339396073
                ],
                [
                    0.0,
                    0.0,
                    0.0,
                    1.0
                ]
            ]
        },
        {
            "file_path": "./images/c1be04fdd282378d4e4a566c55bcff4f.jpg",
            "sharpness": 800.0,
            "transform_matrix": [
                [
                    -0.9142220781969251,
                    0.362356585388214,
                    -0.18137156508800378,
                    -0.25473608057370944
                ],
                [
                    -0.4043685308993954,
                    -0.8447141174785341,
                    0.3506337595502299,
                    0.3188074111621435
                ],
                [
                    -0.02615266970436618,
                    0.3938980777210279,
                    0.9187818960219304,
                    0.25151031893023984
                ],
                [
                    0.0,
                    0.0,
                    0.0,
                    1.0
                ]
            ]
        },
        {
            "file_path": "./images/b700fa74af824bdf7c58feb3f2c912d3.jpg",
            "sharpness": 800.0,
            "transform_matrix": [
                [
                    -0.36653797397291493,
                    -0.8493275819393499,
                    0.37985855255050066,
                    -0.11235380864465758
                ],
                [
                    0.9299626291064997,
                    -0.3470001660385143,
                    0.12149187462741276,
                    -0.41104491214372896
                ],
                [
                    0.028624580705611843,
                    0.39778564377224185,
                    0.9170316489403624,
                    0.22303644306235876
                ],
                [
                    0.0,
                    0.0,
                    0.0,
                    1.0
                ]
            ]
        },
        {
            "file_path": "./images/39c0096f4d15706a58e7f9bf24515f48.jpg",
            "sharpness": 800.0,
            "transform_matrix": [
                [
                    -0.3636026713310882,
                    -0.8533846303109411,
                    0.3735340920921489,
                    0.40465440065051844
                ],
                [
                    0.9310726728745967,
                    -0.34580915754582414,
                    0.11627375803972398,
                    -0.1876658023471785
                ],
                [
                    0.029945271676192334,
                    0.3900648346114072,
                    0.9203002421954453,
                    0.24200859065875954
                ],
                [
                    0.0,
                    0.0,
                    0.0,
                    1.0
                ]
            ]
        },
        {
            "file_path": "./images/c7da0fbc4fef677cd637a7e8ad2ef8ac.jpg",
            "sharpness": 800.0,
            "transform_matrix": [
                [
                    0.9005736942595132,
                    -0.40585732274621344,
                    0.15571384847232436,
                    0.3901506320939516
                ],
                [
                    0.4329093420960658,
                    0.8048349210052542,
                    -0.40599277568855874,
                    -0.2621928506223899
                ],
                [
                    0.03945119805837349,
                    0.43303639347476464,
                    0.9005125846045645,
                    0.23562238764282467
                ],
                [
                    0.0,
                    0.0,
                    0.0,
                    1.0
                ]
            ]
        },
        {
            "file_path": "./images/12bebf2f2033522e5dd429b4605dab75.jpg",
            "sharpness": 800.0,
            "transform_matrix": [
                [
                    -0.3681583894610427,
                    -0.852382464526811,
                    0.37135358122674433,
                    0.10991997590559588
                ],
                [
                    0.9292601948942754,
                    -0.3504697720612266,
                    0.116817428279333,
                    0.45494078231514207
                ],
                [
                    0.030575077551630785,
                    0.3880914175171871,
                    0.9211134818508282,
                    0.2681542199774026
                ],
                [
                    0.0,
                    0.0,
                    0.0,
                    1.0
                ]
            ]
        },
        {
            "file_path": "./images/e1adc89141bfc565fd5b1dd6312377e6.jpg",
            "sharpness": 800.0,
            "transform_matrix": [
                [
                    -0.8998485780250608,
                    0.3831016267235222,
                    -0.20858002771515854,
                    0.08422185935770403
                ],
                [
                    -0.43505333458558765,
                    -0.8229075668628135,
                    0.3654471437428362,
                    -0.4577420239744978
                ],
                [
                    -0.03163868785082581,
                    0.4195905291573774,
                    0.9071618440822329,
                    0.2240286090961156
                ],
                [
                    0.0,
                    0.0,
                    0.0,
                    1.0
                ]
            ]
        },
        {
            "file_path": "./images/3fd1bd87c4698292e1b6cc44dffb53d1.jpg",
            "sharpness": 800.0,
            "transform_matrix": [
                [
                    -0.3662267429039089,
                    -0.8510099134702512,
                    0.37637753361777126,
                    -0.40076594473395355
                ],
                [
                    0.9301536548092281,
                    -0.3462331745484485,
                    0.12221558692775694,
                    0.23590993986617287
                ],
                [
                    0.026307712236766728,
                    0.3948475548397789,
                    0.9183698290258644,
                    0.2546104596615521
                ],
                [
                    0.0,
                    0.0,
                    0.0,
                    1.0
                ]
            ]
        },
        {
            "file_path": "./images/03e4f784c1cf8dbbb61ad0f279a1d554.jpg",
            "sharpness": 800.0,
            "transform_matrix": [
                [
                    0.9033262288245693,
                    -0.3973882874457993,
                    0.16150610237704402,
                    -0.4374256890977962
                ],
                [
                    0.4271847498686004,
                    0.799238475819277,
                    -0.42276581065652336,
                    -0.16390713086831055
                ],
                [
                    0.038920290384725845,
                    0.45088838939492404,
                    0.8917312944392107,
                    0.22197884091839015
                ],
                [
                    0.0,
                    0.0,
                    0.0,
                    1.0
                ]
            ]
        },
        {
            "file_path": "./images/ff26b9f73f96aa80feadd80e7be37487.jpg",
            "sharpness": 800.0,
            "transform_matrix": [
                [
                    0.9021250535297972,
                    -0.4007113348658298,
                    0.16000238004947154,
                    -0.3736374955232909
                ],
                [
                    0.42968114891609704,
                    0.8005483785052431,
                    -0.4177275263225713,
                    -0.30165847988273603
                ],
                [
                    0.039298508774590506,
                    0.4455924736064938,
                    0.8943728556844607,
                    0.22018531447343487
                ],
                [
                    0.0,
                    0.0,
                    0.0,
                    1.0
                ]
            ]
        },
        {
            "file_path": "./images/b98087361b247c4ae832f417b558c19a.jpg",
            "sharpness": 800.0,
            "transform_matrix": [
                [
                    0.9088373574703025,
                    -0.38505860727396246,
                    0.16045084736941356,
                    0.05190613174772754
                ],
                [
                    0.4155595499168493,
                    0.8021590665052618,
                    -0.4287784682562407,
                    0.5084769576503712
                ],
                [
                    0.03639773786700586,
                    0.45636677196097275,
                    0.8890469078749165,
                    0.2636136069951198
                ],
                [
                    0.0,
                    0.0,
                    0.0,
                    1.0
                ]
            ]
        },
        {
            "file_path": "./images/a257fbf6bc346b3a838725aa589bc4f3.jpg",
            "sharpness": 800.0,
            "transform_matrix": [
                [
                    0.9046282921685083,
                    -0.3945279854780374,
                    0.16123048575500779,
                    -0.4970643157297603
                ],
                [
                    0.4243775667602381,
                    0.7988586513573621,
                    -0.4262961628695721,
                    -0.03106751489035648
                ],
                [
                    0.03938539794815183,
                    0.45406217093393597,
                    0.8900989638565686,
                    0.22566484435340814
                ],
                [
                    0.0,
                    0.0,
                    0.0,
                    1.0
                ]
            ]
        },
        {
            "file_path": "./images/6ae7d1dc8eb389826de722c2926acc6d.jpg",
            "sharpness": 800.0,
            "transform_matrix": [
                [
                    -0.9259543869402335,
                    0.3387710355010966,
                    -0.16686104004390354,
                    -0.30219172206657263
                ],
                [
                    -0.3768972262805393,
                    -0.8566471486885782,
                    0.3522840132203171,
                    0.4249362727887759
                ],
                [
                    -0.02359741423282389,
                    0.3890883905692782,
                    0.920898048954522,
                    0.25415343408083285
                ],
                [
                    0.0,
                    0.0,
                    0.0,
                    1.0
                ]
            ]
        },
        {
            "file_path": "./images/96d1e915deccafe93b1f0c75498d1468.jpg",
            "sharpness": 800.0,
            "transform_matrix": [
                [
                    -0.36915028555113105,
                    -0.8473332359397475,
                    0.3817779482178746,
                    -0.24124331370735488
                ],
                [
                    0.9289227865584047,
                    -0.3491409060598267,
                    0.12330031120920529,
                    -0.4670983568591755
                ],
                [
                    0.028817847064319956,
                    0.40015858061103393,
                    0.91599261588002,
                    0.21606671810497677
                ],
                [
                    0.0,
                    0.0,
                    0.0,
                    1.0
                ]
            ]
        },
        {
            "file_path": "./images/7877b37042a77a9e87709e81a86ca778.jpg",
            "sharpness": 800.0,
            "transform_matrix": [
                [
                    -0.36690246233582524,
                    -0.8530141472525292,
                    0.37114605677644913,
                    0.5296661128654274
                ],
                [
                    0.9297537846084029,
                    -0.3494055596866778,
                    0.11607556712399755,
                    -0.13319854150561528
                ],
                [
                    0.030666394781567945,
                    0.38766286231060587,
                    0.9212908919538131,
                    0.24546752321535895
                ],
                [
                    0.0,
                    0.0,
                    0.0,
                    1.0
                ]
            ]
        },
        {
            "file_path": "./images/ccba09f833430e443af4d91d8a6658a9.jpg",
            "sharpness": 800.0,
            "transform_matrix": [
                [
                    0.361330134479026,
                    0.8315679802989456,
                    -0.42182363127191547,
                    0.4923387176619153
                ],
                [
                    -0.9322909833499982,
                    0.3141601077800872,
                    -0.17926748564958642,
                    0.23804970521088617
                ],
                [
                    -0.016552943507999594,
                    0.4580371126495607,
                    0.888778844114408,
                    0.25850506705976417
                ],
                [
                    0.0,
                    0.0,
                    0.0,
                    1.0
                ]
            ]
        },
        {
            "file_path": "./images/3b73a076e0220e6aaa4ac9c1abf608b8.jpg",
            "sharpness": 800.0,
            "transform_matrix": [
                [
                    0.8996487664009494,
                    -0.4065791916476464,
                    0.1591395796106492,
                    -0.3161206600688117
                ],
                [
                    0.4347531541449695,
                    0.8005728389943284,
                    -0.41239872308440656,
                    -0.4284186479072611
                ],
                [
                    0.04026991442313408,
                    0.4402004366275311,
                    0.8969959530802698,
                    0.21987123743550024
                ],
                [
                    0.0,
                    0.0,
                    0.0,
                    1.0
                ]
            ]
        },
        {
            "file_path": "./images/18b1a75ae7e3ac54c9c9e953291fb0ed.jpg",
            "sharpness": 800.0,
            "transform_matrix": [
                [
                    -0.367509949490493,
                    -0.8533035118848815,
                    0.36987768441901453,
                    0.23190756777608484
                ],
                [
                    0.9294752617645801,
                    -0.35060185833218993,
                    0.11469070175043228,
                    0.5082060358486871
                ],
                [
                    0.031813824930912275,
                    0.38594213151963963,
                    0.9219741763955627,
                    0.2741495010438685
                ],
                [
                    0.0,
                    0.0,
                    0.0,
                    1.0
                ]
            ]
        },
        {
            "file_path": "./images/27123bf7c005a65535e4ad4e28c50a00.jpg",
            "sharpness": 800.0,
            "transform_matrix": [
                [
                    -0.374297619118711,
                    -0.8487053792610239,
                    0.37363139509928384,
                    -0.5284420536264082
                ],
                [
                    0.9270560254399451,
                    -0.3518803692403585,
                    0.1294110269479515,
                    0.18065760728959557
                ],
                [
                    0.021641718560234696,
                    0.3948154753790974,
                    0.9185054200391916,
                    0.24577914076871132
                ],
                [
                    0.0,
                    0.0,
                    0.0,
                    1.0
                ]
            ]
        },
        {
            "file_path": "./images/a751f62f4c566d084d975bd5a8b9362a.jpg",
            "sharpness": 800.0,
            "transform_matrix": [
                [
                    0.9056308151696602,
                    -0.3920811379829694,
                    0.1615708995438853,
                    -0.5547087425180212
                ],
                [
                    0.42220260025949025,
                    0.7979550942827376,
                    -0.43013081061687564,
                    0.09767461165581952
                ],
                [
                    0.039719855330969965,
                    0.45775537054378157,
                    0.8881903984723107,
                    0.2317647574294591
                ],
                [
                    0.0,
                    0.0,
                    0.0,
                    1.0
                ]
            ]
        },
        {
            "file_path": "./images/aa2f31b695410cf247d69b3a32879d51.jpg",
            "sharpness": 800.0,
            "transform_matrix": [
                [
                    0.3554072239521366,
                    0.8396538527722062,
                    -0.41069095493028873,
                    -0.5270464448021402
                ],
                [
                    -0.9346262778657393,
                    0.3132998702881837,
                    -0.16827594699842296,
                    -0.21085952768782493
                ],
                [
                    -0.012624124308785525,
                    0.44364904577433245,
                    0.8961115923237917,
                    0.21542636547328486
                ],
                [
                    0.0,
                    0.0,
                    0.0,
                    1.0
                ]
            ]
        },
        {
            "file_path": "./images/ae0f811f8ed083c397bb5cd157440e12.jpg",
            "sharpness": 800.0,
            "transform_matrix": [
                [
                    -0.9093339991851151,
                    0.368579629206118,
                    -0.19303026369232634,
                    0.5579961179432125
                ],
                [
                    -0.41507495579086134,
                    -0.8356429988705303,
                    0.35974079817532295,
                    0.20831780934566108
                ],
                [
                    -0.02871125842959385,
                    0.4072465668273993,
                    0.9128667632894798,
                    0.26598700540580184
                ],
                [
                    0.0,
                    0.0,
                    0.0,
                    1.0
                ]
            ]
        },
        {
            "file_path": "./images/512479457a6f7c04dde5d7983eb61555.jpg",
            "sharpness": 800.0,
            "transform_matrix": [
                [
                    0.8996222655547326,
                    -0.4090645786441057,
                    0.15279364390245928,
                    0.44771671838044785
                ],
                [
                    0.4347538569060216,
                    0.806322582567579,
                    -0.4010397226650193,
                    -0.395484212526299
                ],
                [
                    0.04085017962071683,
                    0.42721188995787795,
                    0.9032281517668871,
                    0.23408257261000007
                ],
                [
                    0.0,
                    0.0,
                    0.0,
                    1.0
                ]
            ]
        },
        {
            "file_path": "./images/0d58ddbe3dc976c7b60393f527cc1194.jpg",
            "sharpness": 800.0,
            "transform_matrix": [
                [
                    -0.8987035033103846,
                    0.38461647111426767,
                    -0.2107181319022174,
                    0.13857089853866872
                ],
                [
                    -0.4374027872158824,
                    -0.8209244610431286,
                    0.3670990511904642,
                    -0.5886406223815283
                ],
                [
                    -0.03179132724599378,
                    0.42208190154015024,
                    0.9060000055962736,
                    0.22100167022213996
                ],
                [
                    0.0,
                    0.0,
                    0.0,
                    1.0
                ]
            ]
        },
        {
