<?xml version="1.0" encoding="UTF-8"?>
<chunk version="1.2.0" label="Chunk 1" enabled="1">
  <sensors next_id="1">
    <sensor id="0" label="NEX-5T (16mm)" type="frame">
      <resolution width="4912" height="3264"/>
      <property name="pixel_width" value="0.00489088987189506"/>
      <property name="pixel_height" value="0.00489088987189506"/>
      <property name="focal_length" value="16"/>
      <property name="rolling_shutter" value="1"/>
      <property name="layer_index" value="0"/>
      <bands>
        <band label="Red"/>
        <band label="Green"/>
        <band label="Blue"/>
      </bands>
      <data_type>uint8</data_type>
      <calibration type="frame" class="adjusted">
        <resolution width="4912" height="3264"/>
        <fx>3271.38831972934</fx>
        <fy>3271.38831972934</fy>
        <cx>33.2787262959345</cx>
        <cy>25.896207230522</cy>
        <b1>4.28480890665499</b1>
        <b2>0.733270416290256</b2>
        <k1>-0.0642415741926758</k1>
        <k2>0.0819732246877508</k2>
        <k3>0.00789137111903214</k3>
        <p1>0.000446003703280691</p1>
        <p2>-0.00210143271490331</p2>
      </calibration>
      <covariance>
        <params>cx cy b1 b2 k1 k2 k3 p1 p2</params>
        <coeffs>3.8875290596319294e-003 5.6138921535390623e-005 -4.5182710965908510e-005 2.5720353723059504e-004 -1.5323066432047090e-007 5.4811659405934699e-007 -5.8535098536743306e-007 9.5538551185401038e-008 5.4241903320207742e-009 5.6138921535390623e-005 4.3725695208594074e-003 -3.1903143240323545e-004 3.1749997330265042e-005 -6.9290321383451756e-008 8.2528386406906919e-008 -4.2513208030746202e-008 -8.2081625447140871e-009 7.5360750703453361e-008 -4.5182710965908510e-005 -3.1903143240323545e-004 4.1743856635690057e-004 7.8509169162345244e-006 1.4526907797677815e-009 -3.1593165087313956e-008 6.1747238693349056e-008 -1.0964023689683257e-009 6.4108635280585049e-010 2.5720353723059504e-004 3.1749997330265042e-005 7.8509169162345244e-006 3.8934691225383681e-004 -2.1919354102098287e-008 4.3630745453281969e-008 -4.1618631851351957e-008 -7.0365678853361050e-010 2.8636258978261308e-009 -1.5323066432047090e-007 -6.9290321383451756e-008 1.4526907797677815e-009 -2.1919354102098287e-008 2.5736479649967529e-009 -7.8354194357012096e-009 7.1045812786928129e-009 -6.3208806602266851e-012 -6.0786893479743319e-012 5.4811659405934699e-007 8.2528386406906919e-008 -3.1593165087313956e-008 4.3630745453281969e-008 -7.8354194357012096e-009 2.6528461724682386e-008 -2.5003477083326226e-008 1.6101688171025214e-011 -7.8912658027401393e-012 -5.8535098536743306e-007 -4.2513208030746202e-008 6.1747238693349056e-008 -4.1618631851351957e-008 7.1045812786928129e-009 -2.5003477083326226e-008 2.4360114791263015e-008 -1.4328740267635005e-011 6.7285220903251183e-012 9.5538551185401038e-008 -8.2081625447140871e-009 -1.0964023689683257e-009 -7.0365678853361050e-010 -6.3208806602266851e-012 1.6101688171025214e-011 -1.4328740267635005e-011 1.3815830456494771e-011 -4.6558143980083432e-013 5.4241903320207742e-009 7.5360750703453361e-008 6.4108635280585049e-010 2.8636258978261308e-009 -6.0786893479743319e-012 -7.8912658027401393e-012 6.7285220903251183e-012 -4.6558143980083432e-013 1.1224595600516433e-011</coeffs>
      </covariance>
      <black_level>0.0000000000000000e+000 0.0000000000000000e+000 0.0000000000000000e+000</black_level>
      <sensitivity>1.0000000000000000e+000 1.0000000000000000e+000 1.0000000000000000e+000</sensitivity>
    </sensor>
  </sensors>
  <cameras next_id="112" next_group_id="0">
    <camera id="0" sensor_id="0" label="DSC02817" enabled="1">
      <transform>-9.7189548352976218e-001 -5.9565764350142617e-002 2.2775225314326322e-001 1.0975626412661640e+001 -8.7075064252044046e-002 9.8980553690567097e-001 -1.1270728590636175e-001 9.1149397275167932e+000 -2.1871694557110152e-001 -1.2937124420928806e-001 -9.6717422364938399e-001 6.4512690553341134e-001 0.0000000000000000e+000 0.0000000000000000e+000 0.0000000000000000e+000 1.0000000000000000e+000</transform>
      <rotation_covariance>2.3467630590401341e-009 3.4463034410715279e-010 -2.0905226298559582e-010 3.4463034410715289e-010 2.4502688955962295e-009 -1.0869570683015948e-010 -2.0905226298559585e-010 -1.0869570683015943e-010 2.1253234958864728e-010</rotation_covariance>
      <location_covariance>7.2838079654072280e-008 1.1349641351079508e-008 -2.1430889001980473e-009 1.1349641351079508e-008 6.7588784771369183e-008 -1.5506869917001577e-008 -2.1430889001980473e-009 -1.5506869917001577e-008 1.1744399262579275e-008</location_covariance>
      <rolling_shutter>
        <rotation>9.9999974656052515e-001 -6.9921421508304055e-004 1.3408343227970488e-004 6.9913175369109442e-004 9.9999956706973003e-001 6.1406444574315505e-004 -1.3451273682039787e-004 -6.1397054812982737e-004 9.9999980247322529e-001</rotation>
        <translation>-1.1129191477054104e-003 3.3759794543661158e-003 -1.3151906731977464e-002</translation>
      </rolling_shutter>
      <orientation>1</orientation>
      <reference x="-98.81988395" y="29.88842081" z="543.8981" enabled="1"/>
    </camera>
    <camera id="1" sensor_id="0" label="DSC02818" enabled="1">
      <transform>-9.3718250956932192e-001 1.4295188071526677e-001 3.1820387105960246e-001 1.0980691217153597e+001 1.0072056526211200e-001 9.8421645414066039e-001 -1.4551061518688721e-001 7.8858597978598102e+000 -3.3398250177311473e-001 -1.0432032974810747e-001 -9.3678864068188705e-001 7.0091611055103842e-001 0.0000000000000000e+000 0.0000000000000000e+000 0.0000000000000000e+000 1.0000000000000000e+000</transform>
      <rotation_covariance>1.8323571882445482e-009 2.9793880470725035e-010 -4.0676871565954052e-010 2.9793880470725040e-010 2.6620596828991088e-009 -2.6101790256436469e-010 -4.0676871565954052e-010 -2.6101790256436469e-010 2.9473488728397902e-010</rotation_covariance>
      <location_covariance>7.7120415454895658e-008 7.7073053490545984e-009 4.2270668921639338e-009 7.7073053490545984e-009 5.2718396279144145e-008 -5.4898103103041283e-009 4.2270668921639338e-009 -5.4898103103041283e-009 8.0867933994055733e-009</location_covariance>
      <rolling_shutter>
        <rotation>9.9999843674874023e-001 -9.0117238413254315e-004 -1.5213114111715597e-003 9.0201854569860824e-004 9.9999943882938036e-001 5.5561089576713647e-004 1.5208098562607038e-003 -5.5698227831436431e-004 9.9999868845320128e-001</rotation>
        <translation>-3.8550525006021013e-003 1.4725664435669555e-003 3.7099974732592189e-002</translation>
      </rolling_shutter>
      <orientation>1</orientation>
      <reference x="-98.81990217" y="29.88860343" z="542.647" enabled="1"/>
    </camera>
    <camera id="2" sensor_id="0" label="DSC02819" enabled="1">
      <transform>-9.7510343394509902e-001 1.9811277293630450e-001 9.9622398625832054e-002 1.0743056994359828e+001 1.7972565290626449e-001 9.6921826543800493e-001 -1.6826955645262059e-001 6.8336726605377054e+000 -1.2989219682449313e-001 -1.4617552168825321e-001 -9.8069400633595905e-001 7.4471319739839692e-001 0.0000000000000000e+000 0.0000000000000000e+000 0.0000000000000000e+000 1.0000000000000000e+000</transform>
      <rotation_covariance>1.5643138218639469e-009 3.6371653021610426e-010 -7.7839722269973290e-011 3.6371653021610431e-010 1.8136432071178070e-009 -9.0503989425762262e-011 -7.7839722269973328e-011 -9.0503989425762275e-011 1.6818216262114308e-010</rotation_covariance>
      <location_covariance>5.8498241417324245e-008 6.3407507352583853e-009 1.0232745806575119e-010 6.3407507352583853e-009 4.4099658091304687e-008 -8.8964737276512098e-009 1.0232745806575119e-010 -8.8964737276512098e-009 6.9168450735096511e-009</location_covariance>
      <rolling_shutter>
        <rotation>9.9999953667898733e-001 -9.2795728443792686e-004 -2.5600212694930656e-004 9.2801584313374351e-004 9.9999954323697349e-001 2.2871912766582404e-004 2.5578976843640058e-004 -2.2895659572512206e-004 9.9999994107523404e-001</rotation>
        <translation>3.4411193256120758e-003 -2.4543240472950038e-003 8.2819903678367085e-003</translation>
      </rolling_shutter>
      <orientation>1</orientation>
      <reference x="-98.81988058" y="29.88878819" z="542.2941" enabled="1"/>
    </camera>
    <camera id="3" sensor_id="0" label="DSC02820" enabled="1">
      <transform>-9.8218208809925900e-001 1.7082845383776260e-001 7.8332529490492797e-002 1.0490841634349790e+001 1.5699039287315800e-001 9.7492918925040639e-001 -1.5769303248107430e-001 5.7289401764660797e+000 -1.0330712638782968e-001 -1.4258581734150511e-001 -9.8437641292878608e-001 8.2123626369616598e-001 0.0000000000000000e+000 0.0000000000000000e+000 0.0000000000000000e+000 1.0000000000000000e+000</transform>
      <rotation_covariance>9.9934755207450478e-010 2.5334670827186821e-010 -4.4255414610277920e-011 2.5334670827186821e-010 1.5278935955577894e-009 -3.8351499722062754e-011 -4.4255414610277958e-011 -3.8351499722062747e-011 1.1213479273515096e-010</rotation_covariance>
      <location_covariance>4.7510874808526155e-008 2.8243660262096729e-009 1.2093179286016841e-009 2.8243660262096729e-009 3.3816571579465579e-008 -3.3763431007043994e-009 1.2093179286016841e-009 -3.3763431007043994e-009 4.2589482529704018e-009</location_covariance>
      <rolling_shutter>
        <rotation>9.9999975758785686e-001 -6.2308958862694738e-004 3.1077900826196616e-004 6.2312978634136663e-004 9.9999979749989931e-001 -1.2926495941987878e-004 -3.1069840167878646e-004 1.2945858374152568e-004 9.9999994335348752e-001</rotation>
        <translation>3.3265772960515416e-003 -3.1239964607972228e-003 3.8052508204813797e-002</translation>
      </rolling_shutter>
      <orientation>1</orientation>
      <reference x="-98.81985588" y="29.88896307" z="542.2174" enabled="1"/>
    </camera>
    <camera id="4" sensor_id="0" label="DSC02821" enabled="1">
      <transform>-9.8909969730315583e-001 1.3259324060122726e-001 6.4037655654079054e-002 1.0321461440335028e+001 1.1975958466146405e-001 9.7742667112044757e-001 -1.7405385506823220e-001 4.7736856895333188e+000 -8.5670477274957288e-002 -1.6448749231860946e-001 -9.8265173596458699e-001 8.7968912951709510e-001 0.0000000000000000e+000 0.0000000000000000e+000 0.0000000000000000e+000 1.0000000000000000e+000</transform>
      <rotation_covariance>1.4756512921603297e-009 1.1533329495799112e-010 9.1519014550246021e-011 1.1533329495799104e-010 1.4864777584394485e-009 -5.1822490664391557e-011 9.1519014550246034e-011 -5.1822490664391595e-011 1.5758622236211289e-010</rotation_covariance>
      <location_covariance>4.4732276702323703e-008 2.6552468029144292e-009 1.8954246005440225e-009 2.6552468029144292e-009 4.2445382697883955e-008 -6.8660962905414455e-009 1.8954246005440225e-009 -6.8660962905414455e-009 7.1416780276640972e-009</location_covariance>
      <rolling_shutter>
        <rotation>9.9999993442486201e-001 -3.4021616996238310e-004 1.2410974692676009e-004 3.4013911022782030e-004 9.9999974970858529e-001 6.2039354648698675e-004 -1.2432078377939997e-004 -6.2035129122570631e-004 9.9999979985428911e-001</rotation>
        <translation>2.7198777065947062e-003 -2.8271391389525983e-003 -4.4405564517555800e-003</translation>
      </rolling_shutter>
      <orientation>1</orientation>
      <reference x="-98.81984224" y="29.88913576" z="542.1084" enabled="1"/>
    </camera>
    <camera id="5" sensor_id="0" label="DSC02822" enabled="1">
      <transform>-9.7936209130511109e-001 1.2477745081578470e-001 1.5899837069100334e-001 1.0202426658191778e+001 9.1191332171433576e-002 9.7485282890603964e-001 -2.0333741148812345e-001 3.7086823286002799e+000 -1.8037193532054410e-001 -1.8464167931917647e-001 -9.6611252719696983e-001 9.7714908339624396e-001 0.0000000000000000e+000 0.0000000000000000e+000 0.0000000000000000e+000 1.0000000000000000e+000</transform>
      <rotation_covariance>1.2866809733441842e-009 6.1280641459434616e-011 -1.1761579419540327e-011 6.1280641459434616e-011 1.6139099580513840e-009 -1.2852850215793661e-010 -1.1761579419540323e-011 -1.2852850215793659e-010 1.7817971940166463e-010</rotation_covariance>
      <location_covariance>4.6306453911495748e-008 1.0890156404378528e-009 5.4301832715091520e-009 1.0890156404378528e-009 3.7835021558509310e-008 -6.4794264153989629e-009 5.4301832715091520e-009 -6.4794264153989629e-009 8.5574374442322960e-009</location_covariance>
      <rolling_shutter>
        <rotation>9.9999994379092005e-001 -3.3248533535682628e-004 -4.3262668765159557e-005 3.3250572767809256e-004 9.9999983322864394e-001 4.7221036146736091e-004 4.3105658529794993e-005 -4.7222472001000993e-004 9.9999988757285174e-001</rotation>
        <translation>-4.1951047988980368e-004 -3.2812460915312759e-003 6.6891489896450419e-003</translation>
      </rolling_shutter>
      <orientation>1</orientation>
      <reference x="-98.81983894" y="29.88930817" z="542.2905" enabled="1"/>
    </camera>
    <camera id="6" sensor_id="0" label="DSC02823" enabled="1">
      <transform>-9.8350844022902661e-001 1.1665692157369018e-001 1.3821110898627878e-001 1.0053418645710728e+001 8.6935454833013487e-002 9.7503145458406892e-001 -2.0434257819811361e-001 2.6638698065269324e+000 -1.5859815475359165e-001 -1.8895720473330727e-001 -9.6909328760864433e-001 1.0714217666117745e+000 0.0000000000000000e+000 0.0000000000000000e+000 0.0000000000000000e+000 1.0000000000000000e+000</transform>
      <rotation_covariance>1.3911743721290164e-009 -4.3156925606533627e-011 8.8447519715121535e-012 -4.3156925606533672e-011 1.5868121276827187e-009 -1.6662483075831165e-010 8.8447519715121342e-012 -1.6662483075831162e-010 1.8753193331999820e-010</rotation_covariance>
      <location_covariance>4.5620932186703512e-008 -1.2234303828382906e-009 5.3024590762463143e-009 -1.2234303828382906e-009 4.3193473689119447e-008 -7.4213635309806676e-009 5.3024590762463143e-009 -7.4213635309806676e-009 9.4287906967518444e-009</location_covariance>
      <rolling_shutter>
        <rotation>9.9999990971738772e-001 -2.6732838179859355e-004 -3.3030403057030992e-004 2.6752295477308326e-004 9.9999979065585320e-001 5.8916866723455043e-004 3.3014645991669465e-004 -5.8925697795308540e-004 9.9999977188973843e-001</rotation>
        <translation>6.5162931233840962e-004 -4.9556910165168703e-003 -6.4583322419717541e-003</translation>
      </rolling_shutter>
      <orientation>1</orientation>
      <reference x="-98.81983212" y="29.88948611" z="542.5651" enabled="1"/>
    </camera>
    <camera id="7" sensor_id="0" label="DSC02824" enabled="1">
      <transform>-9.7944690356275999e-001 1.3485592617466616e-001 1.4999214071708730e-001 9.8833263468956911e+000 1.0119721891804469e-001 9.7181322778696833e-001 -2.1292762428000625e-001 1.6062873530354453e+000 -1.7447889839340133e-001 -1.9337251478389364e-001 -9.6548650148077053e-001 1.1732936948160921e+000 0.0000000000000000e+000 0.0000000000000000e+000 0.0000000000000000e+000 1.0000000000000000e+000</transform>
      <rotation_covariance>1.4690596936116891e-009 -8.2065938359026580e-011 -2.2406408347394478e-011 -8.2065938359026515e-011 1.6933806271808141e-009 -1.5756694515558964e-010 -2.2406408347394484e-011 -1.5756694515558967e-010 1.9908760079927776e-010</rotation_covariance>
      <location_covariance>5.0617725386420188e-008 -1.5716101632350471e-009 5.1506037813865804e-009 -1.5716101632350471e-009 4.7331406869388158e-008 -8.8815826407280712e-009 5.1506037813865804e-009 -8.8815826407280712e-009 1.1186988613703589e-008</location_covariance>
      <rolling_shutter>
        <rotation>9.9999971316178349e-001 -5.8452659268409769e-004 4.8166898720522255e-004 5.8426292364906793e-004 9.9999967951352464e-001 5.4736613344930735e-004 -4.8198878289772406e-004 -5.4708455511312006e-004 9.9999973419261612e-001</rotation>
        <translation>1.0174624629549621e-003 -4.0438352762641643e-003 -1.1242042089566744e-003</translation>
      </rolling_shutter>
      <orientation>1</orientation>
      <reference x="-98.81982043" y="29.88966025" z="542.9242" enabled="1"/>
    </camera>
    <camera id="8" sensor_id="0" label="DSC02825" enabled="1">
      <transform>-9.9017112050181366e-001 9.3061292132477227e-002 1.0440664744553715e-001 9.7473851244130021e+000 6.7568494244802782e-002 9.7190103047517473e-001 -2.2548367024417351e-001 6.3924684059474901e-001 -1.2245672994847204e-001 -2.1621281846349180e-001 -9.6863634374433849e-001 1.2476654685802389e+000 0.0000000000000000e+000 0.0000000000000000e+000 0.0000000000000000e+000 1.0000000000000000e+000</transform>
      <rotation_covariance>1.4653337992160906e-009 -1.1803774762496821e-010 1.6313487636854182e-011 -1.1803774762496818e-010 1.6749010111707904e-009 -1.7141892557472137e-010 1.6313487636854153e-011 -1.7141892557472135e-010 1.9402805388029882e-010</rotation_covariance>
      <location_covariance>5.1501405253301503e-008 -1.9466235967946408e-009 3.2931458655853110e-009 -1.9466235967946408e-009 4.7677900287874470e-008 -9.8846562998178467e-009 3.2931458655853110e-009 -9.8846562998178467e-009 1.1813909068077345e-008</location_covariance>
      <rolling_shutter>
        <rotation>9.9999982233296125e-001 -5.3661743901889283e-004 -2.5956843058615772e-004 5.3693777734478058e-004 9.9999909246064889e-001 1.2356276550179515e-003 2.5890513566981027e-004 -1.2357668075838257e-003 9.9999920292394640e-001</rotation>
        <translation>2.3732149277565905e-003 -4.0135366534442629e-003 -3.8882346543382844e-002</translation>
      </rolling_shutter>
      <orientation>1</orientation>
      <reference x="-98.81981529" y="29.88983273" z="543.0952" enabled="1"/>
    </camera>
    <camera id="9" sensor_id="0" label="DSC02826" enabled="1">
      <transform>-9.9566474707302244e-001 7.3834250965176262e-002 5.6570441225304552e-002 9.6378528287685103e+000 6.0036763561415768e-002 9.7466982086395804e-001 -2.1543984617078377e-001 -5.2056512283094358e-001 -7.1044341485335255e-002 -2.1110955374267570e-001 -9.7487715013815124e-001 1.4006961847406503e+000 0.0000000000000000e+000 0.0000000000000000e+000 0.0000000000000000e+000 1.0000000000000000e+000</transform>
      <rotation_covariance>1.6494235060337068e-009 -9.6326983357922113e-011 6.9287162402393490e-011 -9.6326983357922113e-011 1.7331757682482194e-009 -1.4249570708786414e-010 6.9287162402393503e-011 -1.4249570708786422e-010 2.0602380591727446e-010</rotation_covariance>
      <location_covariance>5.4488824010466663e-008 -1.2723654140984823e-009 9.5083099106158579e-010 -1.2723654140984823e-009 5.2181728641290037e-008 -1.1970223033391260e-008 9.5083099106158579e-010 -1.1970223033391260e-008 1.2755625045659911e-008</location_covariance>
      <rolling_shutter>
        <rotation>9.9999990925622695e-001 -4.2587691863451920e-004 -1.0788329716307678e-005 4.2588550970308560e-004 9.9999958186486815e-001 8.0925374360642113e-004 1.0443682714620980e-005 -8.0925826476498303e-004 9.9999967249594157e-001</rotation>
        <translation>3.6266949966447244e-003 -3.7773513156473776e-003 -3.0001169911057588e-002</translation>
      </rolling_shutter>
      <orientation>1</orientation>
      <reference x="-98.81981971" y="29.89002244" z="544.061" enabled="1"/>
    </camera>
    <camera id="10" sensor_id="0" label="DSC02827" enabled="1">
      <transform>-9.6608498955716915e-001 1.5076864483167740e-001 2.0963923461018460e-001 9.5654471580963421e+000 1.1799825679468005e-001 9.7988487680262681e-001 -1.6094110601992928e-001 -1.6756562403082933e+000 -2.2968718803133373e-001 -1.3074572248880989e-001 -9.6444250824252764e-001 1.5115928053238814e+000 0.0000000000000000e+000 0.0000000000000000e+000 0.0000000000000000e+000 1.0000000000000000e+000</transform>
      <rotation_covariance>2.0403262556674769e-009 -1.3262463745273085e-010 -1.8592626547049806e-010 -1.3262463745273075e-010 2.1368864734450197e-009 -1.1095926863751876e-011 -1.8592626547049806e-010 -1.1095926863751818e-011 2.4867530584208386e-010</rotation_covariance>
      <location_covariance>6.1722078314217983e-008 -6.1247446012883159e-010 4.8077086002168310e-009 -6.1247446012883159e-010 6.3333379115062452e-008 -1.1137548470488423e-008 4.8077086002168310e-009 -1.1137548470488423e-008 1.2712447231722843e-008</location_covariance>
      <rolling_shutter>
        <rotation>9.9999995571748668e-001 4.1738476441736526e-005 2.9465729971857687e-004 -4.1764137701095144e-005 9.9999999533616490e-001 8.7082874276425660e-005 -2.9465366363784555e-004 -8.7095176528223414e-005 9.9999995279682319e-001</rotation>
        <translation>6.2166343323284657e-004 -2.2672350553560581e-003 2.0005733447529372e-002</translation>
      </rolling_shutter>
      <orientation>1</orientation>
      <reference x="-98.81982437" y="29.8901982" z="543.9854" enabled="1"/>
    </camera>
    <camera id="11" sensor_id="0" label="DSC02828" enabled="1">
      <transform>-9.9523474974933568e-001 9.2729615105072993e-002 3.0149815486038553e-002 9.3541248886828114e+000 8.6933624190688702e-002 9.8386687059452038e-001 -1.5636024408914534e-001 -2.8073524362889111e+000 -4.4162629863372674e-002 -1.5299411566792370e-001 -9.8723982025369128e-001 1.6090865950256872e+000 0.0000000000000000e+000 0.0000000000000000e+000 0.0000000000000000e+000 1.0000000000000000e+000</transform>
      <rotation_covariance>2.2160832990736171e-009 -2.8594899828451232e-010 1.5868841173382921e-010 -2.8594899828451227e-010 1.6487052185129441e-009 -5.2800614971035070e-011 1.5868841173382924e-010 -5.2800614971035050e-011 2.0402530154513341e-010</rotation_covariance>
      <location_covariance>4.8925870151623042e-008 -2.6378342296797432e-009 -1.6274365586361042e-009 -2.6378342296797432e-009 6.5536007767645735e-008 -1.4667974291053037e-008 -1.6274365586361042e-009 -1.4667974291053037e-008 1.0889795044615139e-008</location_covariance>
      <rolling_shutter>
        <rotation>9.9999976320869177e-001 -5.7470095063941705e-004 3.7855168437686451e-004 5.7499717846445182e-004 9.9999952823380545e-001 -7.8288595038459555e-004 -3.7810158048906669e-004 7.8310343115441821e-004 9.9999962189403402e-001</rotation>
        <translation>5.6380593661805390e-003 -7.5314801665835067e-003 1.0633994598209212e-002</translation>
      </rolling_shutter>
      <orientation>1</orientation>
      <reference x="-98.81981089" y="29.89038985" z="544.2392" enabled="1"/>
    </camera>
    <camera id="12" sensor_id="0" label="DSC02829" enabled="1">
      <transform>-9.8548720886714902e-001 4.2408875384129296e-002 1.6436681066410427e-001 9.2948619776722534e+000 5.9232510347379599e-003 9.7629069757615894e-001 -2.1638250604759010e-001 -3.8061152755119454e+000 -1.6964632697590473e-001 -2.1226860605117584e-001 -9.6237319301229240e-001 1.6951952558474643e+000 0.0000000000000000e+000 0.0000000000000000e+000 0.0000000000000000e+000 1.0000000000000000e+000</transform>
      <rotation_covariance>4.2352046428217062e-009 -4.8888746833045045e-010 -1.2285077124479873e-010 -4.8888746833045055e-010 2.1523248509526202e-009 -1.4257256632626286e-010 -1.2285077124479889e-010 -1.4257256632626288e-010 3.0237453014866910e-010</rotation_covariance>
      <location_covariance>6.0977179039043089e-008 -5.4872701302068003e-009 2.3927192388951145e-009 -5.4872701302068003e-009 1.1258120551937964e-007 -1.4234991997201844e-008 2.3927192388951145e-009 -1.4234991997201844e-008 1.1298308193002476e-008</location_covariance>
      <rolling_shutter>
        <rotation>9.9999966325316336e-001 -4.1501657443694494e-004 7.0799350481101533e-004 4.1506574835062181e-004 9.9999991145828415e-001 -6.9309799516906832e-005 -7.0796467740848472e-004 6.9603640030958534e-005 9.9999974697064242e-001</rotation>
        <translation>2.6549629197924751e-003 -5.2846379012445321e-003 -1.6205215925902303e-003</translation>
      </rolling_shutter>
      <orientation>1</orientation>
      <reference x="-98.81981627" y="29.89055773" z="544.3265" enabled="1"/>
    </camera>
    <camera id="13" sensor_id="0" label="DSC02830" enabled="1">
      <transform>-9.8008051598561685e-001 9.4759324161823325e-002 1.7453610706602060e-001 9.1552510118636174e+000 6.4465310312696658e-002 9.8303510850647513e-001 -1.7171546002020549e-001 -4.9410332736873004e+000 -1.8784676188759455e-001 -1.5704345235652950e-001 -9.6956224561411619e-001 1.7938908618546350e+000 0.0000000000000000e+000 0.0000000000000000e+000 0.0000000000000000e+000 1.0000000000000000e+000</transform>
      <rotation_covariance>5.6257938831661150e-009 -6.6997865753027425e-010 -1.7770243703000556e-010 -6.6997865753027436e-010 2.2743199923354202e-009 -1.4276727197000859e-010 -1.7770243703000558e-010 -1.4276727197000857e-010 3.6290594021170421e-010</rotation_covariance>
      <location_covariance>6.2782355062581114e-008 -6.8036339754416388e-009 2.7370636972028532e-009 -6.8036339754416388e-009 1.4406701271385177e-007 5.1466302430137303e-009 2.7370636972028532e-009 5.1466302430137303e-009 1.2012376768876719e-008</location_covariance>
      <rolling_shutter>
        <rotation>9.9999990595254284e-001 -4.1187845694867943e-004 1.3583461309326421e-004 4.1185591083199141e-004 9.9999990141460426e-001 1.6596834177317154e-004 -1.3590295848646072e-004 -1.6591238187597813e-004 9.9999997700173349e-001</rotation>
        <translation>1.0255403468137181e-003 -3.7212881455339817e-003 1.0377146181653400e-003</translation>
      </rolling_shutter>
      <orientation>1</orientation>
      <reference x="-98.81981129" y="29.89074595" z="544.3788" enabled="1"/>
    </camera>
    <camera id="14" sensor_id="0" label="DSC02831" enabled="1">
      <transform>-9.7151066096618310e-001 1.6451545882788846e-001 1.7059220215384835e-001 8.9486882452059824e+000 1.3581131548388028e-001 9.7636166931070945e-001 -1.6814629727514796e-001 -6.2352454534403012e+000 -1.9422235251275288e-001 -1.4018756901898910e-001 -9.7088883157494310e-001 1.8563393533528394e+000 0.0000000000000000e+000 0.0000000000000000e+000 0.0000000000000000e+000 1.0000000000000000e+000</transform>
      <rotation_covariance>1.1255451484031358e-008 -7.2463892324651272e-010 5.8974685196252259e-011 -7.2463892324651251e-010 3.3240823100056440e-009 -5.0404220779116614e-010 5.8974685196252802e-011 -5.0404220779116624e-010 8.7508324986935545e-010</rotation_covariance>
      <location_covariance>9.4481069817255011e-008 2.9986292684257213e-009 6.5979912358313220e-009 2.9986292684257213e-009 2.7215398104885527e-007 4.1558468496043198e-008 6.5979912358313220e-009 4.1558468496043198e-008 2.9114504495018575e-008</location_covariance>
      <rolling_shutter>
        <rotation>9.9999984979814960e-001 -5.2657941608459560e-004 1.5204537762130541e-004 5.2636987601443325e-004 9.9999891628023097e-001 1.3749084032206342e-003 -1.5276921131088302e-004 -1.3748281646002785e-003 9.9999904325408528e-001</rotation>
        <translation>-1.4881533617654198e-003 5.2926144567749652e-003 1.3897179129124091e-002</translation>
      </rolling_shutter>
      <orientation>1</orientation>
      <reference x="-98.81979596" y="29.89095584" z="543.6571" enabled="1"/>
    </camera>
    <camera id="15" sensor_id="0" label="DSC02832" enabled="1">
      <transform>9.0705301355669032e-001 -3.7196148951494218e-001 1.9722951329746230e-001 5.5136463494087282e+000 -3.8372025692668771e-001 -9.2314441242642609e-001 2.3730955100571882e-002 -5.5205282132850488e+000 1.7324432175931492e-001 -9.7206193854579986e-002 -9.8007007956291625e-001 1.4215144641688742e+000 0.0000000000000000e+000 0.0000000000000000e+000 0.0000000000000000e+000 1.0000000000000000e+000</transform>
      <rotation_covariance>3.1722199745128192e-009 -2.6664959475613078e-010 1.0678233666358726e-010 -2.6664959475613078e-010 1.2754941691027372e-009 1.2929778639798085e-011 1.0678233666358713e-010 1.2929778639798119e-011 1.4139388882863856e-010</rotation_covariance>
      <location_covariance>4.2708964842611876e-008 1.1366180373378888e-008 1.5867571373624168e-008 1.1366180373378888e-008 8.1223822948088004e-008 1.4597896020287557e-008 1.5867571373624168e-008 1.4597896020287557e-008 1.3840400036154068e-008</location_covariance>
      <rolling_shutter>
        <rotation>9.9999812136862098e-001 -4.2248938776438241e-004 -1.8917615986018708e-003 4.1740371755666155e-004 9.9999630044102961e-001 -2.6879133897144900e-003 1.8928902148006650e-003 2.6871187117920633e-003 9.9999459816524183e-001</rotation>
        <translation>-5.8144373052219159e-003 -1.2920216207141164e-002 3.8413725828067943e-002</translation>
      </rolling_shutter>
      <orientation>1</orientation>
      <reference x="-98.819135" y="29.89089118" z="544.557" enabled="1"/>
    </camera>
    <camera id="16" sensor_id="0" label="DSC02833" enabled="1">
      <transform>9.3030193614801804e-001 -2.9393177771613166e-001 2.1941380459735252e-001 5.9197652850199161e+000 -2.8386432167988207e-001 -9.5578230174550216e-001 -7.6819519311763368e-002 -4.2565785735584214e+000 2.3229152906740072e-001 9.1815967404638224e-003 -9.7260287055140060e-001 1.4089026138766267e+000 0.0000000000000000e+000 0.0000000000000000e+000 0.0000000000000000e+000 1.0000000000000000e+000</transform>
      <rotation_covariance>1.9774446463657236e-009 -1.4833273447012408e-010 1.0159390297713305e-010 -1.4833273447012397e-010 1.0064126808839479e-009 -2.7177845836285257e-011 1.0159390297713309e-010 -2.7177845836285289e-011 1.1218672646369738e-010</rotation_covariance>
      <location_covariance>3.3959000671976582e-008 5.9091499572678496e-009 9.0162572589038131e-009 5.9091499572678496e-009 5.6122268425340748e-008 -1.7269102489611820e-009 9.0162572589038131e-009 -1.7269102489611820e-009 7.8003923011786146e-009</location_covariance>
      <rolling_shutter>
        <rotation>9.9999970144555161e-001 -5.4610983061836697e-004 -5.4669265632069082e-004 5.4552220815502262e-004 9.9999927399106714e-001 -1.0744407191738798e-003 5.4727902205608300e-004 1.0741421654097722e-003 9.9999927335187622e-001</rotation>
        <translation>-2.2722345512285491e-003 -1.0981514582539886e-002 4.0770774654079543e-002</translation>
      </rolling_shutter>
      <orientation>1</orientation>
      <reference x="-98.81918734" y="29.89067753" z="545.6279" enabled="1"/>
    </camera>
    <camera id="17" sensor_id="0" label="DSC02834" enabled="1">
      <transform>9.4174730210328472e-001 -2.4831378748201277e-001 2.2683095451794547e-001 6.2333472389601630e+000 -2.3045430812677559e-001 -9.6766721911826892e-001 -1.0252299697982487e-001 -3.1160406067028408e+000 2.4495475265239011e-001 4.4276585124124052e-002 -9.6852297503092433e-001 1.3093866984652305e+000 0.0000000000000000e+000 0.0000000000000000e+000 0.0000000000000000e+000 1.0000000000000000e+000</transform>
      <rotation_covariance>1.2529053525785825e-009 -1.1976447297124518e-010 6.0611736968745367e-011 -1.1976447297124513e-010 8.2764032955155165e-010 -6.9048293380389758e-011 6.0611736968745432e-011 -6.9048293380389784e-011 1.0024657655164385e-010</rotation_covariance>
      <location_covariance>2.8585982338659561e-008 3.0079696732019676e-009 6.7229560279912188e-009 3.0079696732019676e-009 3.9483401070882426e-008 -6.8276299008437709e-009 6.7229560279912188e-009 -6.8276299008437709e-009 8.3537836994197415e-009</location_covariance>
      <rolling_shutter>
        <rotation>9.9999986725379564e-001 -3.6776705248115410e-004 3.6088749790732957e-004 3.6828264229767067e-004 9.9999891023816800e-001 -1.4296469395533942e-003 -3.6036132758487656e-004 1.4297796583744870e-003 9.9999891293433019e-001</rotation>
        <translation>-1.1767477645936042e-004 -9.3002240338418175e-003 4.8649675583619406e-002</translation>
      </rolling_shutter>
      <orientation>1</orientation>
      <reference x="-98.81922317" y="29.89048706" z="545.1544" enabled="1"/>
    </camera>
    <camera id="18" sensor_id="0" label="DSC02835" enabled="1">
      <transform>9.5744403556439961e-001 -1.8743907058650827e-001 2.1947098573575202e-001 6.4614317308441374e+000 -1.6138285625460658e-001 -9.7811522980115162e-001 -1.3132467756726235e-001 -2.0440631876808646e+000 2.3928328915589087e-001 9.0317174716143575e-002 -9.6674004545277425e-001 1.1851121037184584e+000 0.0000000000000000e+000 0.0000000000000000e+000 0.0000000000000000e+000 1.0000000000000000e+000</transform>
      <rotation_covariance>9.1916089675022610e-010 -8.5827654899991130e-012 2.0555960803661643e-011 -8.5827654899990613e-012 7.8876181751114456e-010 -3.3025347122816996e-011 2.0555960803661601e-011 -3.3025347122816970e-011 1.0146147973809060e-010</rotation_covariance>
      <location_covariance>2.7984579826327406e-008 3.6843889490825368e-009 6.7446765290737082e-009 3.6843889490825368e-009 3.1230867619309480e-008 -8.0107034216297716e-009 6.7446765290737082e-009 -8.0107034216297716e-009 1.0697097167503397e-008</location_covariance>
      <rolling_shutter>
        <rotation>9.9999933894882775e-001 -4.2272002499390312e-004 1.0693033656934915e-003 4.2267436874558089e-004 9.9999990975200104e-001 4.2922812685102719e-005 -1.0693214135234551e-003 -4.2470817185799191e-005 9.9999942737380809e-001</rotation>
        <translation>9.8919453367886812e-004 -3.2540857808678772e-003 6.5936870762331096e-002</translation>
      </rolling_shutter>
      <orientation>1</orientation>
      <reference x="-98.81924406" y="29.89031286" z="544.2892" enabled="1"/>
    </camera>
    <camera id="19" sensor_id="0" label="DSC02836" enabled="1">
      <transform>9.6235026745999019e-001 -5.2372337839437115e-002 2.6671914244935002e-001 6.6120308820415366e+000 -3.6190884953200698e-002 -9.9721374751679503e-001 -6.5230066762299213e-002 -1.0422135093854519e+000 2.6939224667014638e-001 5.3121370395930914e-002 -9.6156431789104435e-001 1.0564032464767810e+000 0.0000000000000000e+000 0.0000000000000000e+000 0.0000000000000000e+000 1.0000000000000000e+000</transform>
      <rotation_covariance>1.0447017814123065e-009 -5.0249770326906538e-011 7.7931961489503719e-011 -5.0249770326906538e-011 9.0683272454955394e-010 -2.8450962048657674e-011 7.7931961489503719e-011 -2.8450962048657654e-011 1.3436085143465999e-010</rotation_covariance>
      <location_covariance>2.9879751082453645e-008 4.7889529030058149e-010 9.3208861970025536e-009 4.7889529030058149e-010 3.7843618313945035e-008 -2.2511084285412032e-009 9.3208861970025536e-009 -2.2511084285412032e-009 1.2738841848522167e-008</location_covariance>
      <rolling_shutter>
        <rotation>9.9999941103375145e-001 -7.1623741209564905e-004 8.1543615303906970e-004 7.1594706278274556e-004 9.9999968023410890e-001 3.5630251635353091e-004 -8.1569108948264786e-004 -3.5571849738469629e-004 9.9999960405612021e-001</rotation>
        <translation>3.9124051647426543e-003 -1.5783237230485012e-003 1.8263311437468906e-002</translation>
      </rolling_shutter>
      <orientation>1</orientation>
      <reference x="-98.81925192" y="29.89013118" z="543.3866" enabled="1"/>
    </camera>
    <camera id="20" sensor_id="0" label="DSC02837" enabled="1">
      <transform>9.8884265860988729e-001 -1.1749754340897358e-002 1.4849962890949728e-001 6.6787749320982490e+000 -5.6615961748235650e-003 -9.9912850755271665e-001 -4.1354222568370187e-002 1.6603529888102447e-001 1.4885611456061540e-001 4.0052074458255447e-002 -9.8804741206558877e-001 9.3145731222590156e-001 0.0000000000000000e+000 0.0000000000000000e+000 0.0000000000000000e+000 1.0000000000000000e+000</transform>
      <rotation_covariance>1.0379094825955126e-009 -6.2762646207355607e-011 -1.5118535497858125e-011 -6.2762646207355607e-011 8.3603595751771074e-010 -1.7101381136858984e-011 -1.5118535497858112e-011 -1.7101381136858991e-011 1.2574262941537294e-010</rotation_covariance>
      <location_covariance>2.9200484209625059e-008 -1.1041352235972483e-009 6.6684586784965073e-009 -1.1041352235972483e-009 3.9068057635257715e-008 1.1916400347665588e-009 6.6684586784965073e-009 1.1916400347665588e-009 1.1694390623733526e-008</location_covariance>
      <rolling_shutter>
        <rotation>9.9999979923007187e-001 -5.5861790318730399e-004 2.9914186312775894e-004 5.5884469246743037e-004 9.9999955611931102e-001 -7.5858670609894353e-004 -2.9871797022929539e-004 7.5875372764005696e-004 9.9999966753012226e-001</rotation>
        <translation>-7.9964172088882533e-004 -6.6527343874252763e-003 5.1008166156530511e-002</translation>
      </rolling_shutter>
      <orientation>1</orientation>
      <reference x="-98.81924393" y="29.88994276" z="543.0423" enabled="1"/>
    </camera>
    <camera id="21" sensor_id="0" label="DSC02838" enabled="1">
      <transform>9.9864138573327588e-001 -5.1519114988840667e-002 7.8207091423500227e-003 6.7016996899553813e+000 -5.1809825791193004e-002 -9.9772355738692708e-001 4.3167638187204697e-002 1.1757752579331873e+000 5.5789472312306595e-003 -4.3514179596331519e-002 -9.9903723230010266e-001 8.4105506424460141e-001 0.0000000000000000e+000 0.0000000000000000e+000 0.0000000000000000e+000 1.0000000000000000e+000</transform>
      <rotation_covariance>1.0486890985909075e-009 -6.2713822908719753e-011 -1.2387435473389876e-010 -6.2713822908719740e-011 8.5608698743680894e-010 -5.8477990635501633e-011 -1.2387435473389873e-010 -5.8477990635501621e-011 1.6018199420660933e-010</rotation_covariance>
      <location_covariance>3.0067728076403319e-008 -5.7779691637136094e-010 2.9693917435072145e-009 -5.7779691637136094e-010 3.7736533272117165e-008 4.8836051274062621e-009 2.9693917435072145e-009 4.8836051274062621e-009 1.2176119706350973e-008</location_covariance>
      <rolling_shutter>
        <rotation>9.9999907068315852e-001 -6.3395523964200661e-004 1.2069521835792404e-003 6.3251846922867186e-004 9.9999909140772403e-001 1.1904218212359357e-003 -1.2077057611027894e-003 -1.1896572954092749e-003 9.9999856308012458e-001</rotation>
        <translation>-5.6537758272816692e-003 -7.2869502632356047e-003 -2.9094205359792229e-002</translation>
      </rolling_shutter>
      <orientation>1</orientation>
      <reference x="-98.81923068" y="29.88975159" z="543.4141" enabled="1"/>
    </camera>
    <camera id="22" sensor_id="0" label="DSC02839" enabled="1">
      <transform>9.9153479960940882e-001 -1.2681158493193542e-001 2.7884818281283183e-002 6.7802456358055672e+000 -1.2772066579142008e-001 -9.9123838730564628e-001 3.3673298939930492e-002 2.3080367424269075e+000 2.3370337894990698e-002 -3.6949715272949941e-002 -9.9904381577982948e-001 7.7205249671474097e-001 0.0000000000000000e+000 0.0000000000000000e+000 0.0000000000000000e+000 1.0000000000000000e+000</transform>
      <rotation_covariance>9.6881716378653416e-010 -7.3337250333679287e-011 -1.1813072453588463e-010 -7.3337250333679287e-011 8.1924765769890571e-010 -5.6007379974269315e-011 -1.1813072453588463e-010 -5.6007379974269308e-011 1.5301466540933671e-010</rotation_covariance>
      <location_covariance>2.8950293865256969e-008 -6.3791562630048442e-010 4.0795862310549373e-009 -6.3791562630048442e-010 3.5911647458900555e-008 3.7716232062305018e-009 4.0795862310549373e-009 3.7716232062305018e-009 1.1293834423846568e-008</location_covariance>
      <rolling_shutter>
        <rotation>9.9999981102127367e-001 -2.8491350796912176e-004 5.4477675237011626e-004 2.8455564372005440e-004 9.9999974377790479e-001 6.5686544316100113e-004 -5.4496376262396309e-004 -6.5671029972794105e-004 9.9999963587297347e-001</rotation>
        <translation>-5.7080924961466053e-003 -7.5333238027054314e-003 -1.7179668333516022e-002</translation>
      </rolling_shutter>
      <orientation>1</orientation>
      <reference x="-98.81922519" y="29.88956908" z="543.8647" enabled="1"/>
    </camera>
    <camera id="23" sensor_id="0" label="DSC02840" enabled="1">
      <transform>9.7796591821844037e-001 -1.7753890286201729e-001 1.0982987195528289e-001 6.9535753761021759e+000 -1.7962857404573485e-001 -9.8369002923162885e-001 9.3542384282794058e-003 3.5797993260309955e+000 1.0637780872653184e-001 -2.8876709660699600e-002 -9.9390638263858289e-001 7.0297833816556132e-001 0.0000000000000000e+000 0.0000000000000000e+000 0.0000000000000000e+000 1.0000000000000000e+000</transform>
      <rotation_covariance>8.3057017364208502e-010 -1.6884456657578470e-011 -9.0268660003317735e-011 -1.6884456657578486e-011 6.8819157318797005e-010 -4.5988106051407860e-011 -9.0268660003317722e-011 -4.5988106051407853e-011 1.1729528678859424e-010</rotation_covariance>
